# index(1=model 2=anim 3=midi 4=map)  id  crc - stale crcs of referenced-but-absent files (signed i32, as getcrc returns)
1 3 879158623
1 25 -462781696
1 26 1709310119
1 106 1647617701
1 109 -1391936149
1 111 -521397838
1 119 829727733
1 123 -1371060812
1 124 601014032
1 138 1013410480
1 161 1545276723
1 171 1564379658
1 182 1271315139
1 195 60349560
1 197 -1734189172
1 200 1935484060
1 204 363263613
1 205 177818644
1 216 -217749266
1 228 -21125132
1 229 605277813
1 234 -1673792734
1 255 -937109793
1 272 -1170127823
1 278 661396286
1 287 -312432599
1 288 -232632569
1 298 -125441534
1 300 268797699
1 304 -179662137
1 316 -872746872
1 333 674456853
1 340 1755516310
1 342 -68737656
1 349 -1561928284
1 357 -1612903476
1 359 884743527
1 365 659222979
1 369 1315025551
1 371 -1683223139
1 372 -1590993623
1 375 -71888307
1 380 2127316248
1 381 -681629441
1 385 -1007676285
1 386 -945461116
1 392 1360007959
1 400 -163681776
1 402 -616125954
1 406 2045435615
1 407 -918736601
1 409 518454814
1 413 1565135924
1 415 -589586482
1 420 1089068765
1 424 1573498874
1 427 2043066909
1 434 -186360702
1 439 -1875993951
1 442 -1517841309
1 451 -488640594
1 452 720534155
1 455 -725003269
1 457 1447018216
1 460 783647260
1 461 1360838480
1 463 1957643893
1 476 1023072651
1 485 1425998781
1 498 852679215
1 535 1198123565
1 556 246705632
1 1094 -1133266750
1 2859 -843801644
1 2869 -908783590
1 2873 1120569313
1 2875 -422127779
1 2881 1427705693
1 2895 -286002609
1 2912 -989149985
1 2925 1243314924
1 2934 -58891915
1 2954 1070420473
1 3008 484001813
1 3206 -231290372
1 3331 -1677460886
1 3332 -1848880109
