# index(1=model 2=anim 3=midi 4=map)  id  crc - stale crcs of referenced-but-absent files (signed i32, as getcrc returns)
1 138 321553256
1 234 -222049269
1 255 -1037983576
1 272 -1798768315
1 300 460120404
1 304 1254563482
1 333 1640638185
1 340 1813166469
1 357 279581175
1 359 440178302
1 365 -150905254
1 369 1620923296
1 371 -2050073888
1 372 1509372346
1 375 753478876
1 380 1561736700
1 381 645285878
1 386 -1944024596
1 392 -1686333375
1 400 354087131
1 402 -380684605
1 406 -652092101
1 407 -2070532073
1 409 -1249252927
1 413 -1292465468
1 415 -47730048
1 420 1146566926
1 424 -1123213446
1 427 -1141951057
1 434 -1716616800
1 439 -1082441936
1 442 230016373
1 451 -551128184
1 452 2119372095
1 455 -1905048855
1 460 1927426112
1 461 526179754
1 463 -827583245
1 476 -858714722
1 485 1721932201
1 498 2122409280
1 2859 -843801644
1 2869 -908783590
1 2873 1120569313
1 2875 -422127779
1 2881 1427705693
1 2895 -286002609
1 2912 -989149985
1 2925 1243314924
1 2954 1070420473
1 3008 484001813
1 3206 2130873299
1 3331 -39201970
1 3332 1111155112
1 4028 876576578
1 4031 753281423
1 4229 -312797206
1 4382 898643283
1 4461 775737765
1 4605 1089391007
1 4606 1386364040
3 345 -566500973
4 704 -3879038
4 994 -1290479575
