# index(1=model 2=anim 3=midi 4=map)  id  crc - stale crcs of referenced-but-absent files (signed i32, as getcrc returns)
1 138 321553256
1 234 1338574788
1 255 572464788
1 272 1510022036
1 300 -1408745845
1 304 -2122764031
1 333 -702681747
1 340 -477001462
1 357 528820182
1 359 -2082653849
1 365 1847412897
1 369 -838361933
1 371 1616767353
1 372 1239920619
1 375 -1419982099
1 380 1585239703
1 381 -808093156
1 386 634834886
1 392 -1062723742
1 400 942634318
1 402 979298179
1 406 -497887964
1 407 728931342
1 409 2065455959
1 413 886280454
1 415 775343933
1 420 -1609575787
1 424 -2049674006
1 427 -1495088502
1 434 -1518281744
1 439 2020050590
1 442 -2036334413
1 451 1262754719
1 452 208053286
1 455 -1824010148
1 460 1281111032
1 461 69301616
1 463 -414608345
1 476 1109419845
1 485 -490547183
1 498 -1768024124
1 2859 -843801644
1 2869 -908783590
1 2873 1120569313
1 2875 -422127779
1 2881 1427705693
1 2895 -1075918486
1 2912 -940029601
1 2925 1243314924
1 2954 1070420473
1 3008 484001813
1 3206 1956115782
1 3331 1570008590
1 3332 -2012023711
1 4028 50234936
1 4031 167941499
1 4229 569103001
1 4382 898643283
1 4605 -922423132
1 4606 710646458
1 4951 2018963919
1 4952 -1563407717
1 4953 1138563601
1 4954 -102428954
1 4985 -2011688280
1 5021 -1315816174
