# frame  flags
0 167
1 167
2 167
3 167
4 167
5 167
6 167
7 167
8 167
9 167
10 167
11 167
12 167
13 167
14 167
15 167
16 167
17 167
18 167
19 167
20 167
21 167
22 167
23 167
24 167
25 167
26 167
27 167
28 167
29 167
30 167
31 167
32 167
33 167
34 167
35 167
36 167
37 167
38 167
39 167
40 167
41 167
42 167
43 167
44 167
45 167
46 167
47 167
48 167
49 167
50 167
51 167
52 167
53 167
54 167
55 167
56 167
57 167
58 167
59 167
60 167
61 167
62 167
63 167
64 167
65 167
66 167
67 167
68 167
69 167
70 167
71 167
72 167
73 167
74 167
75 167
76 167
77 167
78 167
79 167
80 167
81 167
82 167
83 167
84 167
85 167
86 167
87 167
88 167
89 167
90 167
91 167
92 167
93 167
94 167
95 167
96 167
97 167
98 167
99 167
100 167
101 167
102 167
103 167
104 167
105 167
106 167
107 167
108 167
109 167
110 167
111 167
112 167
113 167
114 167
115 167
116 167
117 167
118 167
119 167
120 167
121 167
122 167
123 167
124 167
125 167
126 167
127 167
128 167
129 167
130 167
131 167
132 167
133 167
134 167
135 167
136 167
137 167
138 167
139 167
140 167
141 167
142 167
143 167
144 167
145 167
146 167
147 167
148 167
149 167
150 167
151 167
152 167
153 167
154 167
155 167
156 167
157 167
158 167
159 167
160 167
161 167
162 167
163 167
164 167
165 167
166 167
167 167
168 167
169 167
170 167
171 167
172 167
173 167
174 167
175 167
176 167
177 167
178 167
179 167
180 167
181 167
182 167
183 167
184 167
185 167
186 167
187 167
188 167
189 167
190 167
191 167
192 167
193 167
194 167
195 167
196 167
197 167
198 167
199 167
200 167
201 167
202 167
203 167
204 167
205 167
206 167
207 167
208 167
209 167
210 167
211 167
212 167
213 167
214 167
215 167
216 167
217 167
218 167
219 167
220 167
221 167
222 167
223 167
224 167
225 167
226 167
227 167
228 167
229 167
230 167
231 167
232 167
233 167
234 167
235 167
236 167
237 167
238 167
239 167
240 167
241 167
242 167
243 167
244 167
245 167
246 167
247 167
248 167
249 167
250 167
251 167
252 167
253 167
254 167
255 167
256 167
257 167
258 167
259 167
260 167
261 167
262 167
263 167
264 167
265 167
266 167
267 167
268 167
269 167
270 167
271 167
272 167
273 167
274 167
275 167
276 167
277 167
278 167
279 167
280 167
281 167
282 167
283 167
284 167
285 167
286 167
287 167
288 167
289 167
290 167
291 167
292 167
293 167
294 167
295 167
296 167
297 167
298 167
299 167
300 167
301 167
302 167
303 167
304 167
305 167
306 167
307 167
308 167
309 167
310 167
311 167
312 167
313 167
314 167
315 167
316 167
317 167
318 167
319 167
320 167
321 167
322 167
323 167
324 167
325 167
326 167
327 167
328 167
329 167
330 167
331 167
332 167
333 167
334 167
335 167
336 167
337 167
338 167
339 167
340 167
341 167
342 167
343 167
344 167
345 167
346 167
347 167
348 167
349 167
350 167
351 167
352 167
353 167
354 167
355 167
356 169
357 169
358 169
359 169
360 169
361 169
362 169
363 169
364 169
365 169
366 169
367 169
368 169
369 169
370 169
371 169
372 169
373 169
374 169
375 169
376 169
377 169
378 169
379 169
380 169
381 169
382 169
383 169
384 169
385 169
386 169
387 169
388 169
389 169
390 166
391 166
392 166
393 166
394 166
395 166
396 166
397 166
398 166
399 166
400 166
401 166
402 166
403 166
404 166
405 166
406 166
407 166
408 166
409 166
410 166
411 166
412 166
413 166
414 166
415 166
416 166
417 166
418 166
419 166
420 166
421 166
422 166
423 166
424 166
425 166
426 166
427 166
428 166
429 166
430 166
431 166
432 168
433 168
434 168
435 168
436 168
437 168
438 168
439 168
440 168
441 168
442 168
443 168
444 168
445 168
446 168
447 168
448 168
449 168
450 168
451 168
452 168
453 168
454 168
455 168
456 168
457 168
458 168
459 168
460 168
461 168
462 168
463 168
464 168
465 168
466 168
467 168
468 83
469 83
470 75
471 74
472 84
473 74
474 84
475 81
476 82
477 83
478 81
479 81
480 75
481 82
482 81
483 80
484 73
485 85
486 83
487 80
488 73
489 85
490 84
491 81
492 83
493 80
494 76
495 84
496 83
497 74
498 83
499 85
500 85
501 82
502 84
503 81
504 82
505 83
506 82
507 80
508 81
509 76
510 74
511 84
512 81
513 84
514 81
515 84
516 85
517 81
518 85
519 73
520 82
521 85
522 77
523 84
524 74
525 84
526 83
527 73
528 84
529 83
530 83
531 81
532 74
533 83
534 77
535 85
536 85
537 84
538 84
539 84
540 81
541 74
542 83
543 80
544 81
545 82
546 76
547 76
548 81
549 81
550 85
551 84
552 84
553 81
554 84
555 73
556 74
557 82
558 81
559 81
560 80
561 84
562 84
563 83
564 75
565 84
566 83
567 82
568 85
569 81
570 77
571 82
572 85
573 80
574 81
575 84
576 75
577 81
578 80
579 81
580 74
581 82
582 74
583 84
584 84
585 75
586 82
587 73
588 81
589 81
590 76
591 83
592 73
593 75
594 83
595 80
596 84
597 81
598 84
599 84
600 85
601 83
602 81
603 83
604 81
605 84
606 80
607 85
608 77
609 83
610 84
611 81
612 75
613 83
614 84
615 83
616 83
617 73
618 80
619 84
620 81
621 83
622 81
623 84
624 81
625 73
626 84
627 83
628 74
629 81
630 73
631 83
632 75
633 81
634 83
635 83
636 78
637 76
638 83
639 81
640 81
641 80
642 84
643 81
644 85
645 83
646 80
647 84
648 83
649 74
650 84
651 75
652 81
653 85
654 76
655 81
656 81
657 83
658 83
659 83
660 82
661 81
662 83
663 77
664 85
665 75
666 83
667 83
668 83
669 83
670 82
671 81
672 74
673 81
674 73
675 85
676 82
677 80
678 74
679 81
680 83
681 81
682 81
683 73
684 84
685 84
686 83
687 85
688 84
689 83
690 84
691 84
692 84
693 74
694 84
695 81
696 83
697 83
698 83
699 73
700 76
701 85
702 80
703 84
704 81
705 80
706 73
707 81
708 77
709 83
710 80
711 74
712 81
713 81
714 81
715 81
716 82
717 73
718 82
719 82
720 78
721 84
722 84
723 81
724 81
725 85
726 81
727 81
728 75
729 81
730 81
731 76
732 84
733 82
734 76
735 83
736 74
737 81
738 84
739 81
740 81
741 84
742 82
743 75
744 73
745 78
746 81
747 73
748 85
749 81
750 84
751 85
752 80
753 81
754 83
755 75
756 83
757 83
758 81
759 74
760 85
761 74
762 82
763 83
764 85
765 84
766 82
767 83
768 83
769 75
770 74
771 84
772 84
773 74
774 84
775 81
776 81
777 82
778 83
779 81
780 81
781 75
782 82
783 81
784 80
785 73
786 82
787 83
788 81
789 73
790 85
791 84
792 81
793 80
794 76
795 84
796 83
797 74
798 83
799 85
800 85
801 82
802 84
803 81
804 82
805 82
806 80
807 81
808 76
809 74
810 81
811 84
812 81
813 84
814 85
815 81
816 85
817 73
818 84
819 82
820 85
821 77
822 84
823 74
824 84
825 83
826 73
827 84
828 83
829 81
830 83
831 77
832 85
833 85
834 84
835 81
836 74
837 84
838 77
839 83
840 80
841 81
842 76
843 81
844 81
845 85
846 81
847 84
848 84
849 84
850 73
851 82
852 81
853 81
854 83
855 80
856 84
857 83
858 75
859 83
860 82
861 85
862 81
863 82
864 85
865 80
866 81
867 84
868 75
869 81
870 80
871 81
872 74
873 82
874 74
875 84
876 84
877 75
878 74
879 82
880 73
881 83
882 81
883 81
884 81
885 83
886 76
887 83
888 73
889 83
890 75
891 83
892 80
893 84
894 81
895 84
896 84
897 85
898 83
899 83
900 81
901 84
902 85
903 77
904 83
905 84
906 81
907 75
908 83
909 84
910 83
911 83
912 73
913 81
914 80
915 83
916 84
917 81
918 73
919 83
920 83
921 74
922 85
923 81
924 73
925 83
926 75
927 81
928 83
929 78
930 76
931 83
932 81
933 81
934 80
935 81
936 83
937 80
938 84
939 83
940 84
941 81
942 85
943 76
944 81
945 81
946 83
947 73
948 83
949 83
950 81
951 83
952 77
953 85
954 83
955 83
956 73
957 83
958 84
959 83
960 82
961 81
962 74
963 81
964 73
965 85
966 82
967 74
968 81
969 85
970 83
971 81
972 81
973 84
974 84
975 83
976 84
977 85
978 84
979 81
980 84
981 84
982 84
983 74
984 84
985 83
986 83
987 83
988 76
989 85
990 84
991 81
992 80
993 73
994 81
995 77
996 83
997 80
998 74
999 81
1000 81
1001 81
1002 81
1003 82
1004 73
1005 82
1006 82
1007 78
1008 81
1009 84
1010 81
1011 81
1012 85
1013 81
1014 81
1015 81
1016 75
1017 81
1018 76
1019 84
1020 84
1021 82
1022 76
1023 74
1024 84
1025 83
1026 82
1027 84
1028 81
1029 81
1030 84
1031 75
1032 73
1033 8
1034 81
1035 73
1036 85
1037 81
1038 84
1039 85
1040 80
1041 83
1042 75
1043 81
1044 83
1045 83
1046 74
1047 85
1048 74
1049 82
1050 83
1051 85
1052 84
1053 83
1054 83
1055 75
1056 74
1057 84
1058 84
1059 74
1060 84
1061 81
1062 81
1063 82
1064 83
1065 85
1066 81
1067 82
1068 81
1069 80
1070 73
1071 82
1072 83
1073 81
1074 84
1075 81
1076 84
1077 80
1078 76
1079 84
1080 83
1081 74
1082 83
1083 81
1084 85
1085 74
1086 82
1087 81
1088 82
1089 82
1090 80
1091 81
1092 76
1093 84
1094 81
1095 84
1096 85
1097 81
1098 85
1099 73
1100 84
1101 82
1102 85
1103 77
1104 84
1105 74
1106 84
1107 83
1108 73
1109 84
1110 83
1111 83
1112 81
1113 83
1114 77
1115 85
1116 85
1117 84
1118 81
1119 74
1120 84
1121 77
1122 85
1123 83
1124 80
1125 81
1126 84
1127 76
1128 81
1129 85
1130 81
1131 84
1132 73
1133 81
1134 83
1135 80
1136 84
1137 83
1138 75
1139 82
1140 73
1141 85
1142 81
1143 82
1144 80
1145 84
1146 75
1147 73
1148 80
1149 84
1150 81
1151 83
1152 74
1153 82
1154 74
1155 84
1156 84
1157 75
1158 74
1159 82
1160 73
1161 83
1162 81
1163 82
1164 81
1165 81
1166 83
1167 82
1168 76
1169 81
1170 80
1171 73
1172 83
1173 80
1174 81
1175 84
1176 84
1177 83
1178 85
1179 83
1180 83
1181 81
1182 74
1183 84
1184 85
1185 77
1186 84
1187 81
1188 75
1189 83
1190 84
1191 81
1192 83
1193 73
1194 81
1195 83
1196 84
1197 81
1198 83
1199 81
1200 83
1201 74
1202 85
1203 75
1204 81
1205 73
1206 83
1207 83
1208 73
1209 81
1210 83
1211 78
1212 76
1213 83
1214 81
1215 81
1216 80
1217 85
1218 83
1219 80
1220 84
1221 83
1222 81
1223 84
1224 81
1225 84
1226 85
1227 76
1228 81
1229 81
1230 81
1231 83
1232 73
1233 84
1234 83
1235 84
1236 77
1237 85
1238 83
1239 83
1240 73
1241 83
1242 84
1243 83
1244 82
1245 81
1246 74
1247 81
1248 73
1249 85
1250 82
1251 81
1252 81
1253 85
1254 83
1255 81
1256 81
1257 84
1258 73
1259 84
1260 83
1261 84
1262 85
1263 84
1264 81
1265 81
1266 84
1267 84
1268 84
1269 81
1270 84
1271 83
1272 83
1273 81
1274 76
1275 85
1276 84
1277 81
1278 80
1279 73
1280 77
1281 83
1282 80
1283 74
1284 81
1285 81
1286 81
1287 81
1288 82
1289 73
1290 73
1291 82
1292 78
1293 81
1294 73
1295 84
1296 81
1297 81
1298 81
1299 81
1300 81
1301 75
1302 81
1303 82
1304 84
1305 84
1306 82
1307 76
1308 74
1309 84
1310 83
1311 82
1312 84
1313 81
1314 81
1315 84
1316 75
1317 81
1318 73
1319 73
1320 85
1321 81
1322 84
1323 85
1324 80
1325 85
1326 83
1327 75
1328 84
1329 81
1330 83
1331 83
1332 81
1333 74
1334 85
1335 74
1336 82
1337 83
1338 85
1339 84
1340 83
1341 80
1342 81
1343 75
1344 74
1345 84
1346 74
1347 84
1348 81
1349 81
1350 83
1351 85
1352 81
1353 82
1354 80
1355 73
1356 82
1357 85
1358 83
1359 81
1360 81
1361 84
1362 80
1363 76
1364 84
1365 84
1366 83
1367 81
1368 85
1369 74
1370 82
1371 83
1372 80
1373 81
1374 82
1375 82
1376 76
1377 81
1378 76
1379 85
1380 84
1381 81
1382 85
1383 81
1384 85
1385 84
1386 85
1387 77
1388 84
1389 74
1390 84
1391 83
1392 73
1393 84
1394 83
1395 82
1396 75
1397 83
1398 77
1399 85
1400 85
1401 84
1402 84
1403 81
1404 77
1405 82
1406 85
1407 83
1408 80
1409 81
1410 84
1411 76
1412 81
1413 85
1414 81
1415 74
1416 84
1417 75
1418 81
1419 81
1420 83
1421 80
1422 84
1423 82
1424 73
1425 75
1426 83
1427 85
1428 81
1429 82
1430 81
1431 80
1432 75
1433 83
1434 73
1435 80
1436 84
1437 81
1438 84
1439 83
1440 74
1441 82
1442 74
1443 84
1444 84
1445 74
1446 82
1447 73
1448 83
1449 81
1450 82
1451 81
1452 83
1453 82
1454 76
1455 83
1456 81
1457 80
1458 73
1459 83
1460 80
1461 81
1462 84
1463 84
1464 83
1465 83
1466 83
1467 74
1468 84
1469 85
1470 77
1471 84
1472 81
1473 75
1474 83
1475 84
1476 81
1477 81
1478 81
1479 83
1480 84
1481 83
1482 83
1483 82
1484 81
1485 83
1486 85
1487 75
1488 81
1489 73
1490 83
1491 83
1492 73
1493 83
1494 83
1495 81
1496 80
1497 81
1498 80
1499 85
1500 83
1501 80
1502 84
1503 83
1504 81
1505 84
1506 83
1507 81
1508 84
1509 85
1510 76
1511 81
1512 73
1513 84
1514 83
1515 85
1516 84
1517 77
1518 83
1519 83
1520 83
1521 73
1522 84
1523 83
1524 82
1525 81
1526 74
1527 81
1528 73
1529 82
1530 81
1531 81
1532 73
1533 85
1534 83
1535 81
1536 81
1537 84
1538 82
1539 73
1540 84
1541 83
1542 84
1543 85
1544 84
1545 81
1546 85
1547 81
1548 84
1549 81
1550 84
1551 83
1552 83
1553 81
1554 76
1555 84
1556 84
1557 83
1558 81
1559 80
1560 73
1561 77
1562 83
1563 80
1564 74
1565 81
1566 81
1567 81
1568 82
1569 73
1570 73
1571 82
1572 78
1573 81
1574 73
1575 85
1576 84
1577 81
1578 81
1579 81
1580 83
1581 81
1582 74
1583 81
1584 74
1585 74
1586 82
1587 83
1588 84
1589 84
1590 84
1591 85
1592 82
1593 83
1594 84
1595 74
1596 84
1597 83
1598 82
1599 84
1600 81
1601 81
1602 84
1603 75
1604 81
1605 73
1606 73
1607 85
1608 81
1609 84
1610 85
1611 80
1612 85
1613 75
1614 84
1615 81
1616 83
1617 83
1618 81
1619 74
1620 85
1621 85
1622 74
1623 82
1624 83
1625 85
1626 84
1627 83
1628 80
1629 81
1630 75
1631 74
1632 85
1633 84
1634 81
1635 81
1636 74
1637 81
1638 83
1639 85
1640 81
1641 82
1642 84
1643 80
1644 73
1645 82
1646 85
1647 73
1648 84
1649 83
1650 83
1651 81
1652 84
1653 80
1654 76
1655 84
1656 84
1657 83
1658 81
1659 85
1660 74
1661 83
1662 80
1663 81
1664 82
1665 82
1666 76
1667 81
1668 76
1669 85
1670 84
1671 84
1672 81
1673 85
1674 81
1675 84
1676 81
1677 85
1678 77
1679 84
1680 74
1681 84
1682 73
1683 84
1684 83
1685 83
1686 82
1687 75
1688 83
1689 82
1690 77
1691 85
1692 85
1693 84
1694 84
1695 81
1696 77
1697 82
1698 85
1699 83
1700 80
1701 81
1702 84
1703 81
1704 85
1705 81
1706 74
1707 82
1708 75
1709 73
1710 81
1711 81
1712 83
1713 80
1714 84
1715 82
1716 83
1717 73
1718 75
1719 83
1720 80
1721 84
1722 85
1723 81
1724 81
1725 82
1726 81
1727 80
1728 84
1729 75
1730 83
1731 83
1732 74
1733 73
1734 80
1735 84
1736 81
1737 83
1738 81
1739 74
1740 82
1741 84
1742 74
1743 84
1744 74
1745 82
1746 73
1747 81
1748 82
1749 83
1750 81
1751 83
1752 78
1753 83
1754 82
1755 76
1756 83
1757 81
1758 80
1759 83
1760 80
1761 81
1762 83
1763 83
1764 83
1765 84
1766 83
1767 74
1768 84
1769 85
1770 77
1771 84
1772 81
1773 75
1774 83
1775 81
1776 85
1777 81
1778 81
1779 84
1780 83
1781 83
1782 83
1783 82
1784 81
1785 83
1786 77
1787 85
1788 75
1789 81
1790 73
1791 83
1792 83
1793 83
1794 83
1795 81
1796 85
1797 85
1798 80
1799 84
1800 83
1801 81
1802 84
1803 83
1804 84
1805 76
1806 81
1807 73
1808 84
1809 83
1810 85
1811 84
1812 77
1813 83
1814 83
1815 84
1816 84
1817 82
1818 81
1819 74
1820 81
1821 83
1822 73
1823 85
1824 82
1825 81
1826 81
1827 73
1828 85
1829 81
1830 81
1831 81
1832 82
1833 73
1834 84
1835 82
1836 84
1837 84
1838 81
1839 85
1840 81
1841 84
1842 81
1843 84
1844 83
1845 83
1846 81
1847 76
1848 84
1849 76
1850 84
1851 83
1852 80
1853 73
1854 77
1855 83
1856 83
1857 80
1858 74
1859 81
1860 81
1861 81
1862 81
1863 82
1864 73
1865 82
1866 78
1867 81
1868 73
1869 85
1870 81
1871 84
1872 81
1873 81
1874 83
1875 74
1876 81
1877 74
1878 74
1879 82
1880 82
1881 83
1882 84
1883 84
1884 84
1885 85
1886 83
1887 84
1888 74
1889 84
1890 83
1891 82
1892 81
1893 81
1894 84
1895 81
1896 75
1897 82
1898 81
1899 80
1900 73
1901 81
1902 85
1903 80
1904 85
1905 75
1906 84
1907 81
1908 83
1909 83
1910 81
1911 74
1912 83
1913 85
1914 85
1915 74
1916 82
1917 84
1918 83
1919 80
1920 81
1921 75
1922 74
1923 85
1924 84
1925 81
1926 81
1927 74
1928 84
1929 85
1930 74
1931 83
1932 85
1933 81
1934 82
1935 84
1936 80
1937 73
1938 82
1939 85
1940 74
1941 82
1942 84
1943 83
1944 73
1945 84
1946 83
1947 83
1948 81
1949 74
1950 85
1951 84
1952 80
1953 76
1954 84
1955 84
1956 83
1957 81
1958 74
1959 83
1960 80
1961 81
1962 82
1963 82
1964 76
1965 76
1966 85
1967 84
1968 84
1969 81
1970 85
1971 81
1972 84
1973 74
1974 81
1975 81
1976 77
1977 84
1978 74
1979 84
1980 84
1981 73
1982 84
1983 83
1984 80
1985 75
1986 83
1987 82
1988 77
1989 85
1990 85
1991 84
1992 81
1993 77
1994 82
1995 85
1996 81
1997 84
1998 84
1999 81
2000 81
2001 75
2002 74
2003 82
2004 74
2005 75
2006 73
2007 81
2008 81
2009 83
2010 80
2011 84
2012 82
2013 76
2014 83
2015 73
2016 75
2017 83
2018 80
2019 84
2020 84
2021 85
2022 83
2023 81
2024 83
2025 81
2026 80
2027 83
2028 84
2029 83
2030 83
2031 74
2032 73
2033 80
2034 84
2035 81
2036 83
2037 81
2038 81
2039 82
2040 84
2041 74
2042 84
2043 74
2044 82
2045 73
2046 81
2047 81
2048 83
2049 75
2050 81
2051 83
2052 78
2053 83
2054 76
2055 83
2056 81
2057 80
2058 83
2059 80
2060 81
2061 83
2062 83
2063 83
2064 84
2065 83
2066 74
2067 84
2068 77
2069 84
2070 81
2071 75
2072 83
2073 81
2074 85
2075 76
2076 81
2077 81
2078 84
2079 83
2080 83
2081 83
2082 82
2083 81
2084 83
2085 77
2086 85
2087 75
2088 81
2089 73
2090 83
2091 83
2092 83
2093 82
2094 81
2095 85
2096 80
2097 83
2098 81
2099 84
2100 83
2101 84
2102 76
2103 81
2104 81
2105 73
2106 84
2107 83
2108 84
2109 83
2110 77
2111 85
2112 83
2113 84
2114 84
2115 84
2116 82
2117 74
2118 81
2119 82
2120 83
2121 83
2122 73
2123 85
2124 82
2125 81
2126 81
2127 73
2128 85
2129 81
2130 81
2131 81
2132 82
2133 73
2134 82
2135 84
2136 84
2137 81
2138 81
2139 85
2140 81
2141 81
2142 84
2143 83
2144 83
2145 81
2146 76
2147 84
2148 76
2149 84
2150 83
2151 80
2152 77
2153 83
2154 83
2155 80
2156 74
2157 81
2158 81
2159 81
2160 82
2161 78
2162 81
2163 73
2164 85
2165 81
2166 84
2167 81
2168 85
2169 80
2170 81
2171 83
2172 74
2173 83
2174 81
2175 74
2176 74
2177 82
2178 82
2179 83
2180 84
2181 84
2182 85
2183 83
2184 83
2185 84
2186 74
2187 84
2188 83
2189 81
2190 82
2191 81
2192 81
2193 81
2194 75
2195 82
2196 81
2197 80
2198 73
2199 81
2200 85
2201 83
2202 80
2203 73
2204 85
2205 75
2206 84
2207 81
2208 83
2209 80
2210 83
2211 81
2212 74
2213 83
2214 85
2215 85
2216 82
2217 84
2218 81
2219 82
2220 83
2221 80
2222 81
2223 74
2224 85
2225 84
2226 81
2227 81
2228 84
2229 85
2230 81
2231 74
2232 85
2233 81
2234 82
2235 84
2236 80
2237 73
2238 82
2239 85
2240 77
2241 84
2242 74
2243 82
2244 84
2245 83
2246 73
2247 84
2248 83
2249 83
2250 85
2251 81
2252 74
2253 85
2254 85
2255 84
2256 76
2257 84
2258 84
2259 83
2260 81
2261 74
2262 83
2263 80
2264 81
2265 82
2266 76
2267 76
2268 85
2269 84
2270 84
2271 85
2272 81
2273 84
2274 80
2275 74
2276 81
2277 81
2278 84
2279 74
2280 84
2281 84
2282 83
2283 80
2284 75
2285 83
2286 82
2287 85
2288 85
2289 84
2290 81
2291 77
2292 82
2293 85
2294 80
2295 81
2296 84
2297 75
2298 81
2299 81
2300 75
2301 74
2302 82
2303 74
2304 84
2305 75
2306 82
2307 73
2308 81
2309 81
2310 81
2311 83
2312 84
2313 76
2314 83
2315 73
2316 75
2317 83
2318 80
2319 84
2320 84
2321 84
2322 85
2323 83
2324 81
2325 83
2326 81
2327 80
2328 85
2329 81
2330 75
2331 83
2332 84
2333 83
2334 83
2335 74
2336 73
2337 80
2338 84
2339 81
2340 83
2341 81
2342 81
2343 84
2344 74
2345 84
2346 74
2347 82
2348 81
2349 73
2350 83
2351 75
2352 81
2353 83
2354 83
2355 78
2356 83
2357 76
2358 83
2359 81
2360 81
2361 80
2362 83
2363 81
2364 85
2365 83
2366 80
2367 83
2368 84
2369 83
2370 74
2371 77
2372 75
2373 81
2374 85
2375 76
2376 81
2377 81
2378 83
2379 83
2380 83
2381 82
2382 81
2383 83
2384 77
2385 85
2386 75
2387 83
2388 73
2389 83
2390 83
2391 83
2392 82
2393 81
2394 81
2395 73
2396 85
2397 80
2398 74
2399 81
2400 83
2401 81
2402 81
2403 73
2404 84
2405 83
2406 84
2407 83
2408 85
2409 83
2410 84
2411 84
2412 84
2413 82
2414 74
2415 81
2416 82
2417 83
2418 83
2419 83
2420 73
2421 85
2422 84
2423 81
2424 73
2425 77
2426 80
2427 81
2428 81
2429 81
2430 82
2431 73
2432 82
2433 84
2434 84
2435 81
2436 81
2437 85
2438 81
2439 81
2440 75
2441 83
2442 81
2443 76
2444 84
2445 76
2446 84
2447 77
2448 83
2449 83
2450 74
2451 81
2452 84
2453 81
2454 81
2455 82
2456 75
2457 73
2458 78
2459 81
2460 73
2461 85
2462 81
2463 84
2464 81
2465 85
2466 80
2467 81
2468 83
2469 75
2470 83
2471 81
2472 85
2473 74
2474 82
2475 82
2476 83
2477 84
2478 85
2479 82
2480 73
2481 73
2482 73
2483 73
2484 73
2485 73
2486 73
2487 73
2488 89
2489 89
2490 89
2491 89
2492 89
2493 135
2494 135
2495 135
2496 135
2497 135
2498 135
2499 135
2500 135
2501 135
2502 135
2503 135
2504 135
2505 135
2506 135
2507 135
2508 135
2509 135
2510 135
2511 135
2512 135
2513 133
2514 133
2515 133
2516 133
2517 133
2518 133
2519 133
2520 133
2521 133
2522 133
2523 133
2524 143
2525 143
2526 143
2527 143
2528 143
2529 143
2530 143
2531 143
2532 143
2533 143
2534 143
2535 143
2536 143
2537 143
2538 143
2539 143
2540 143
2541 102
2542 102
2543 102
2544 102
2545 102
2546 102
2547 102
2548 102
2549 102
2550 102
2551 102
2552 102
2553 102
2554 102
2555 102
2556 110
2557 110
2558 110
2559 110
2560 101
2561 101
2562 101
2563 101
2564 101
2565 101
2566 101
2567 101
2568 101
2569 101
2570 104
2571 104
2572 104
2573 104
2574 104
2575 104
2576 104
2577 104
2578 104
2579 104
2580 104
2581 104
2582 104
2583 114
2584 114
2585 114
2586 114
2587 114
2588 106
2589 106
2590 106
2591 106
2592 106
2593 106
2594 106
2595 106
2596 106
2597 106
2598 106
2599 106
2600 106
2601 106
2602 106
2603 106
2604 106
2605 109
2606 109
2607 109
2608 109
2609 109
2610 109
2611 109
2612 117
2613 117
2614 117
2615 117
2616 117
2617 117
2618 117
2619 105
2620 105
2621 105
2622 105
2623 105
2624 105
2625 105
2626 108
2627 108
2628 108
2629 108
2630 108
2631 108
2632 108
2633 108
2634 108
2635 108
2636 111
2637 111
2638 100
2639 100
2640 100
2641 100
2642 100
2643 100
2644 100
2645 100
2646 100
2647 116
2648 116
2649 116
2650 116
2651 116
2652 116
2653 116
2654 116
2655 116
2656 116
2657 116
2658 116
2659 116
2660 116
2661 116
2662 115
2663 115
2664 115
2665 115
2666 128
2667 128
2668 128
2669 128
2670 128
2671 128
2672 128
2673 127
2674 127
2675 127
2676 127
2677 127
2678 127
2679 127
2680 127
2681 127
2682 127
2683 126
2684 126
2685 126
2686 126
2687 126
2688 126
2689 126
2690 126
2691 126
2692 126
2693 126
2694 126
2695 129
2696 129
2697 129
2698 129
2699 129
2700 129
2701 125
2702 125
2703 125
2704 125
2705 94
2706 94
2707 94
2708 94
2709 94
2710 94
2711 96
2712 96
2713 96
2714 96
2715 96
2716 96
2717 96
2718 96
2719 96
2720 93
2721 93
2722 93
2723 93
2724 93
2725 95
2726 95
2727 95
2728 95
2729 99
2730 99
2731 99
2732 99
2733 99
2734 99
2735 99
2736 131
2737 131
2738 131
2739 131
2740 131
2741 134
2742 134
2743 134
2744 134
2745 134
2746 134
2747 134
2748 140
2749 140
2750 140
2751 140
2752 140
2753 140
2754 140
2755 140
2756 140
2757 140
2758 140
2759 140
2760 140
2761 140
2762 140
2763 140
2764 140
2765 137
2766 137
2767 138
2768 138
2769 138
2770 138
2771 138
2772 138
2773 138
2774 138
2775 138
2776 138
2777 138
2778 138
2779 138
2780 138
2781 138
2782 138
2783 138
2784 138
2785 138
2786 138
2787 138
2788 138
2789 138
2790 138
2791 150
2792 150
2793 150
2794 150
2795 150
2796 150
2797 150
2798 150
2799 150
2800 150
2801 150
2802 150
2803 86
2804 86
2805 86
2806 86
2807 86
2808 86
2809 86
2810 86
2811 142
2812 142
2813 142
2814 142
2815 142
2816 142
2817 130
2818 130
2819 130
2820 130
2821 130
2822 130
2823 130
2824 130
2825 152
2826 152
2827 152
2828 152
2829 152
2830 152
2831 152
2832 152
2833 152
2834 152
2835 152
2836 152
2837 151
2838 151
2839 151
2840 151
2841 151
2842 151
2843 151
2844 151
2845 151
2846 151
2847 151
2848 151
2849 151
2850 151
2851 151
2852 151
2853 151
2854 148
2855 148
2856 148
2857 148
2858 148
2859 148
2860 148
2861 148
2862 148
2863 148
2864 149
2865 149
2866 149
2867 149
2868 149
2869 149
2870 149
2871 149
2872 149
2873 149
2874 149
2875 149
2876 136
2877 136
2878 136
2879 136
2880 136
2881 136
2882 136
2883 136
2884 136
2885 136
2886 136
2887 136
2888 141
2889 141
2890 141
2891 141
2892 141
2893 132
2894 132
2895 132
2896 132
2897 132
2898 132
2899 132
2900 132
2901 90
2902 90
2903 90
2904 90
2905 90
2906 90
2907 90
2908 90
2909 90
2910 90
2911 90
2912 90
2913 90
2914 90
2915 90
2916 90
2917 91
2918 91
2919 91
2920 91
2921 91
2922 91
2923 91
2924 91
2925 91
2926 91
2927 91
2928 91
2929 98
2930 98
2931 98
2932 98
2933 98
2934 98
2935 98
2936 98
2937 98
2938 98
2939 98
2940 98
2941 98
2942 98
2943 98
2944 98
2945 98
2946 98
2947 98
2948 98
2949 98
2950 98
2951 98
2952 98
2953 98
2954 98
2955 98
2956 98
2957 98
2958 98
2959 98
2960 98
2961 98
2962 98
2963 98
2964 98
2965 98
2966 98
2967 98
2968 92
2969 92
2970 92
2971 92
2972 92
2973 92
2974 92
2975 92
2976 92
2977 92
2978 92
2979 92
2980 92
2981 92
2982 92
2983 92
2984 92
2985 92
2986 92
2987 92
2988 92
2989 92
2990 92
2991 92
2992 92
2993 92
2994 124
2995 124
2996 124
2997 124
2998 124
2999 124
3000 124
3001 124
3002 121
3003 121
3004 121
3005 121
3006 121
3007 121
3008 121
3009 121
3010 121
3011 121
3012 121
3013 121
3014 121
3015 121
3016 121
3017 121
3018 121
3019 122
3020 122
3021 122
3022 122
3023 122
3024 122
3025 122
3026 122
3027 122
3028 123
3029 123
3030 123
3031 123
3032 123
3033 123
3034 123
3035 123
3036 123
3037 123
3038 123
3039 123
3040 123
3041 119
3042 119
3043 119
3044 119
3045 119
3046 119
3047 119
3048 119
3049 119
3050 119
3051 119
3052 119
3053 119
3054 119
3055 119
3056 118
3057 118
3058 118
3059 118
3060 118
3061 118
3062 118
3063 118
3064 118
3065 118
3066 118
3067 118
3068 118
3069 118
3070 118
3071 113
3072 113
3073 113
3074 113
3075 113
3076 113
3077 113
3078 113
3079 113
3080 113
3081 113
3082 113
3083 113
3084 113
3085 113
3086 113
3087 113
3088 113
3089 113
3090 113
3091 113
3092 113
3093 113
3094 113
3095 113
3096 113
3097 113
3098 113
3099 113
3100 113
3101 113
3102 113
3103 113
3104 113
3105 113
3106 113
3107 113
3108 113
3109 113
3110 113
3111 113
3112 113
3113 113
3114 113
3115 113
3116 113
3117 113
3118 113
3119 113
3120 113
3121 113
3122 113
3123 113
3124 113
3125 113
3126 113
3127 113
3128 113
3129 113
3130 113
3131 113
3132 113
3133 113
3134 113
3135 113
3136 113
3137 113
3138 113
3139 113
3140 113
3141 113
3142 113
3143 113
3144 113
3145 113
3146 113
3147 113
3148 113
3149 113
3150 113
3151 113
3152 113
3153 113
3154 113
3155 113
3156 113
3157 113
3158 113
3159 113
3160 113
3161 113
3162 113
3163 113
3164 113
3165 113
3166 113
3167 113
3168 113
3169 113
3170 113
3171 113
3172 113
3173 113
3174 113
3175 113
3176 113
3177 113
3178 113
3179 113
3180 113
3181 113
3182 113
3183 113
3184 113
3185 113
3186 113
3187 113
3188 113
3189 113
3190 113
3191 113
3192 113
3193 113
3194 113
3195 113
3196 113
3197 113
3198 113
3199 113
3200 113
3201 113
3202 113
3203 113
3204 113
3205 113
3206 113
3207 113
3208 113
3209 113
3210 113
3211 113
3212 113
3213 113
3214 113
3215 113
3216 113
3217 113
3218 113
3219 113
3220 113
3221 113
3222 113
3223 113
3224 113
3225 113
3226 113
3227 113
3228 113
3229 113
3230 113
3231 103
3232 103
3233 103
3234 103
3235 103
3236 103
3237 103
3238 103
3239 103
3240 145
3241 145
3242 145
3243 145
3244 145
3245 145
3246 145
3247 139
3248 139
3249 139
3250 139
3251 87
3252 87
3253 87
3254 87
3255 87
3256 87
3257 87
3258 87
3259 87
3260 87
3261 87
3262 88
3263 88
3264 88
3265 88
3266 88
3267 88
3268 3
3269 3
3270 3
3271 3
3272 5
3273 5
3274 5
3275 5
3276 5
3277 5
3278 5
3279 4
3280 4
3281 4
3282 4
3283 4
3284 4
3285 4
3286 28
3287 28
3288 28
3289 28
3290 28
3291 28
3292 28
3293 28
3294 28
3295 28
3296 28
3297 28
3298 28
3299 28
3300 28
3301 28
3302 28
3303 28
3304 28
3305 28
3306 28
3307 28
3308 28
3309 28
3310 28
3311 28
3312 28
3313 28
3314 28
3315 28
3316 28
3317 28
3318 28
3319 28
3320 28
3321 28
3322 28
3323 28
3324 28
3325 28
3326 28
3327 28
3328 28
3329 69
3330 69
3331 69
3332 69
3333 69
3334 69
3335 69
3336 69
3337 69
3338 69
3339 69
3340 69
3341 69
3342 69
3343 69
3344 69
3345 17
3346 17
3347 17
3348 17
3349 17
3350 17
3351 17
3352 17
3353 17
3354 17
3355 17
3356 17
3357 17
3358 17
3359 30
3360 30
3361 30
3362 30
3363 30
3364 30
3365 30
3366 30
3367 30
3368 30
3369 30
3370 30
3371 30
3372 30
3373 30
3374 30
3375 30
3376 30
3377 70
3378 70
3379 70
3380 70
3381 70
3382 70
3383 70
3384 70
3385 70
3386 70
3387 70
3388 70
3389 70
3390 70
3391 70
3392 70
3393 70
3394 70
3395 70
3396 70
3397 16
3398 16
3399 16
3400 16
3401 16
3402 16
3403 16
3404 16
3405 16
3406 16
3407 16
3408 16
3409 16
3410 16
3411 16
3412 16
3413 16
3414 16
3415 16
3416 16
3417 16
3418 16
3419 16
3420 16
3421 16
3422 16
3423 16
3424 16
3425 16
3426 16
3427 16
3428 16
3429 16
3430 16
3431 16
3432 16
3433 16
3434 16
3435 16
3436 16
3437 16
3438 16
3439 16
3440 16
3441 16
3442 16
3443 16
3444 16
3445 16
3446 16
3447 16
3448 16
3449 16
3450 16
3451 16
3452 11
3453 11
3454 11
3455 11
3456 11
3457 11
3458 11
3459 11
3460 11
3461 11
3462 11
3463 11
3464 11
3465 11
3466 11
3467 11
3468 11
3469 11
3470 11
3471 11
3472 11
3473 11
3474 11
3475 11
3476 11
3477 11
3478 11
3479 11
3480 11
3481 11
3482 11
3483 11
3484 11
3485 11
3486 11
3487 11
3488 11
3489 11
3490 11
3491 11
3492 11
3493 11
3494 11
3495 11
3496 11
3497 11
3498 11
3499 11
3500 11
3501 11
3502 11
3503 11
3504 11
3505 11
3506 11
3507 11
3508 50
3509 50
3510 50
3511 50
3512 50
3513 50
3514 50
3515 50
3516 50
3517 50
3518 50
3519 50
3520 50
3521 50
3522 50
3523 50
3524 50
3525 50
3526 50
3527 50
3528 50
3529 50
3530 50
3531 50
3532 50
3533 50
3534 50
3535 50
3536 50
3537 50
3538 50
3539 50
3540 50
3541 50
3542 50
3543 50
3544 50
3545 50
3546 50
3547 50
3548 50
3549 50
3550 50
3551 50
3552 50
3553 50
3554 50
3555 50
3556 50
3557 50
3558 50
3559 50
3560 50
3561 50
3562 50
3563 50
3564 50
3565 50
3566 50
3567 50
3568 50
3569 50
3570 50
3571 50
3572 50
3573 50
3574 50
3575 50
3576 50
3577 50
3578 50
3579 50
3580 50
3581 50
3582 50
3583 50
3584 50
3585 50
3586 50
3587 50
3588 50
3589 50
3590 50
3591 50
3592 50
3593 50
3594 50
3595 50
3596 50
3597 50
3598 50
3599 55
3600 55
3601 55
3602 55
3603 55
3604 55
3605 55
3606 55
3607 55
3608 55
3609 55
3610 55
3611 55
3612 55
3613 55
3614 55
3615 55
3616 55
3617 55
3618 55
3619 55
3620 24
3621 24
3622 24
3623 24
3624 24
3625 24
3626 24
3627 24
3628 24
3629 24
3630 24
3631 24
3632 24
3633 24
3634 24
3635 24
3636 24
3637 24
3638 24
3639 24
3640 24
3641 24
3642 24
3643 24
3644 24
3645 24
3646 24
3647 24
3648 24
3649 24
3650 24
3651 48
3652 48
3653 48
3654 48
3655 48
3656 48
3657 48
3658 48
3659 48
3660 48
3661 48
3662 48
3663 48
3664 48
3665 48
3666 48
3667 48
3668 48
3669 48
3670 48
3671 48
3672 73
3673 73
3674 73
3675 73
3676 73
3677 73
3678 189
3679 189
3680 189
3681 189
3682 189
3683 189
3684 189
3685 189
3686 189
3687 189
3688 189
3689 189
3690 189
3691 189
3692 35
3693 35
3694 35
3695 35
3696 35
3697 35
3698 35
3699 35
3700 35
3701 35
3702 57
3703 57
3704 57
3705 57
3706 57
3707 57
3708 57
3709 57
3710 57
3711 57
3712 57
3713 57
3714 57
3715 57
3716 57
3717 57
3718 57
3719 57
3720 57
3721 57
3722 57
3723 57
3724 57
3725 57
3726 57
3727 57
3728 57
3729 57
3730 57
3731 57
3732 57
3733 57
3734 57
3735 57
3736 57
3737 57
3738 57
3739 57
3740 57
3741 57
3742 57
3743 57
3744 57
3745 57
3746 57
3747 57
3748 57
3749 57
3750 57
3751 57
3752 57
3753 57
3754 57
3755 57
3756 57
3757 57
3758 57
3759 57
3760 57
3761 57
3762 57
3763 57
3764 57
3765 57
3766 57
3767 57
3768 57
3769 57
3770 57
3771 57
3772 234
3773 234
3774 234
3775 234
3776 234
3777 234
3778 234
3779 234
3780 234
3781 234
3782 234
3783 234
3784 234
3785 234
3786 234
3787 234
3788 234
3789 234
3790 234
3791 234
3792 36
3793 36
3794 36
3795 36
3796 36
3797 36
3798 36
3799 36
3800 36
3801 36
3802 36
3803 36
3804 36
3805 36
3806 36
3807 36
3808 36
3809 36
3810 36
3811 36
3812 36
3813 36
3814 36
3815 36
3816 36
3817 36
3818 36
3819 36
3820 36
3821 36
3822 36
3823 36
3824 36
3825 36
3826 36
3827 37
3828 37
3829 37
3830 37
3831 37
3832 37
3833 37
3834 37
3835 37
3836 12
3837 12
3838 12
3839 12
3840 12
3841 12
3842 12
3843 12
3844 12
3845 12
3846 12
3847 12
3848 12
3849 12
3850 12
3851 12
3852 12
3853 12
3854 12
3855 12
3856 12
3857 12
3858 12
3859 12
3860 12
3861 12
3862 12
3863 12
3864 12
3865 12
3866 12
3867 12
3868 12
3869 12
3870 12
3871 12
3872 12
3873 12
3874 12
3875 12
3876 12
3877 12
3878 12
3879 12
3880 47
3881 47
3882 47
3883 47
3884 47
3885 47
3886 47
3887 47
3888 47
3889 47
3890 47
3891 47
3892 47
3893 47
3894 47
3895 47
3896 47
3897 47
3898 47
3899 47
3900 47
3901 47
3902 47
3903 47
3904 47
3905 47
3906 47
3907 47
3908 47
3909 234
3910 234
3911 234
3912 234
3913 234
3914 234
3915 234
3916 234
3917 234
3918 234
3919 234
3920 234
3921 234
3922 234
3923 234
3924 234
3925 234
3926 234
3927 234
3928 234
3929 234
3930 234
3931 234
3932 234
3933 234
3934 234
3935 234
3936 234
3937 234
3938 234
3939 234
3940 234
3941 234
3942 234
3943 234
3944 234
3945 234
3946 234
3947 235
3948 235
3949 235
3950 235
3951 235
3952 235
3953 235
3954 235
3955 235
3956 235
3957 235
3958 235
3959 235
3960 235
3961 235
3962 1
3963 1
3964 1
3965 1
3966 1
3967 1
3968 1
3969 1
3970 1
3971 1
3972 1
3973 1
3974 1
3975 1
3976 1
3977 18
3978 18
3979 18
3980 18
3981 18
3982 18
3983 18
3984 18
3985 18
3986 18
3987 81
3988 81
3989 81
3990 81
3991 81
3992 81
3993 81
3994 81
3995 81
3996 81
3997 81
3998 81
3999 81
4000 81
4001 81
4002 229
4003 229
4004 229
4005 229
4006 229
4007 229
4008 229
4009 229
4010 229
4011 229
4012 229
4013 229
4014 229
4015 229
4016 229
4017 229
4018 229
4019 229
4020 229
4021 229
4022 229
4023 229
4024 229
4025 229
4026 229
4027 229
4028 229
4029 229
4030 229
4031 229
4032 229
4033 229
4034 229
4035 229
4036 229
4037 229
4038 229
4039 229
4040 229
4041 229
4042 229
4043 229
4044 229
4045 229
4046 229
4047 229
4048 229
4049 229
4050 229
4051 229
4052 229
4053 229
4054 229
4055 229
4056 229
4057 229
4058 229
4059 229
4060 229
4061 229
4062 229
4063 229
4064 229
4065 229
4066 229
4067 230
4068 230
4069 230
4070 230
4071 230
4072 230
4073 230
4074 230
4075 230
4076 230
4077 231
4078 231
4079 231
4080 231
4081 231
4082 231
4083 231
4084 231
4085 231
4086 231
4087 231
4088 231
4089 231
4090 231
4091 231
4092 231
4093 231
4094 231
4095 231
4096 231
4097 231
4098 231
4099 231
4100 231
4101 232
4102 232
4103 232
4104 232
4105 232
4106 232
4107 232
4108 232
4109 232
4110 232
4111 232
4112 232
4113 232
4114 232
4115 29
4116 29
4117 29
4118 29
4119 29
4120 29
4121 29
4122 29
4123 29
4124 29
4125 29
4126 29
4127 29
4128 29
4129 29
4130 29
4131 29
4132 29
4133 29
4134 29
4135 29
4136 29
4137 29
4138 29
4139 29
4140 29
4141 29
4142 13
4143 13
4144 13
4145 13
4146 13
4147 13
4148 13
4149 13
4150 13
4151 13
4152 13
4153 13
4154 13
4155 13
4156 13
4157 13
4158 13
4159 13
4160 13
4161 13
4162 13
4163 13
4164 13
4165 13
4166 14
4167 14
4168 14
4169 14
4170 14
4171 14
4172 14
4173 14
4174 14
4175 14
4176 14
4177 14
4178 14
4179 14
4180 14
4181 14
4182 14
4183 14
4184 14
4185 14
4186 14
4187 14
4188 14
4189 14
4190 14
4191 14
4192 84
4193 84
4194 84
4195 84
4196 84
4197 84
4198 84
4199 84
4200 84
4201 31
4202 31
4203 31
4204 31
4205 31
4206 31
4207 31
4208 31
4209 31
4210 31
4211 31
4212 31
4213 31
4214 31
4215 31
4216 31
4217 31
4218 31
4219 34
4220 34
4221 34
4222 34
4223 34
4224 34
4225 34
4226 34
4227 34
4228 283
4229 283
4230 283
4231 283
4232 283
4233 283
4234 283
4235 283
4236 283
4237 283
4238 283
4239 283
4240 283
4241 283
4242 283
4243 283
4244 283
4245 283
4246 232
4247 232
4248 232
4249 232
4250 232
4251 232
4252 79
4253 79
4254 79
4255 79
4256 79
4257 79
4258 79
4259 79
4260 79
4261 79
4262 79
4263 79
4264 79
4265 79
4266 79
4267 79
4268 79
4269 79
4270 79
4271 79
4272 79
4273 79
4274 60
4275 60
4276 60
4277 60
4278 60
4279 60
4280 60
4281 60
4282 60
4283 60
4284 60
4285 60
4286 60
4287 60
4288 60
4289 60
4290 60
4291 60
4292 60
4293 60
4294 60
4295 60
4296 60
4297 60
4298 60
4299 60
4300 60
4301 60
4302 60
4303 60
4304 60
4305 60
4306 71
4307 71
4308 71
4309 71
4310 71
4311 71
4312 71
4313 71
4314 71
4315 71
4316 71
4317 71
4318 71
4319 71
4320 71
4321 71
4322 71
4323 71
4324 71
4325 71
4326 71
4327 71
4328 71
4329 71
4330 71
4331 71
4332 71
4333 71
4334 71
4335 71
4336 71
4337 71
4338 71
4339 71
4340 71
4341 71
4342 71
4343 10
4344 10
4345 10
4346 10
4347 10
4348 10
4349 10
4350 10
4351 10
4352 10
4353 10
4354 10
4355 10
4356 10
4357 10
4358 10
4359 10
4360 10
4361 10
4362 10
4363 10
4364 10
4365 10
4366 10
4367 10
4368 10
4369 10
4370 10
4371 10
4372 10
4373 10
4374 10
4375 10
4376 9
4377 9
4378 9
4379 9
4380 9
4381 9
4382 9
4383 9
4384 9
4385 9
4386 9
4387 9
4388 9
4389 9
4390 9
4391 9
4392 9
4393 9
4394 9
4395 9
4396 9
4397 9
4398 9
4399 9
4400 9
4401 9
4402 9
4403 20
4404 20
4405 20
4406 20
4407 20
4408 20
4409 20
4410 20
4411 20
4412 20
4413 20
4414 20
4415 20
4416 20
4417 20
4418 20
4419 20
4420 20
4421 20
4422 20
4423 20
4424 20
4425 20
4426 20
4427 20
4428 20
4429 20
4430 20
4431 20
4432 20
4433 20
4434 20
4435 20
4436 20
4437 20
4438 20
4439 20
4440 20
4441 20
4442 20
4443 20
4444 20
4445 20
4446 20
4447 7
4448 7
4449 7
4450 7
4451 7
4452 7
4453 7
4454 7
4455 7
4456 7
4457 7
4458 7
4459 7
4460 7
4461 7
4462 7
4463 7
4464 7
4465 7
4466 7
4467 7
4468 7
4469 7
4470 7
4471 7
4472 7
4473 7
4474 7
4475 21
4476 21
4477 21
4478 21
4479 21
4480 21
4481 21
4482 21
4483 21
4484 21
4485 21
4486 21
4487 21
4488 21
4489 21
4490 21
4491 21
4492 21
4493 21
4494 21
4495 21
4496 21
4497 21
4498 21
4499 21
4500 21
4501 21
4502 21
4503 21
4504 21
4505 21
4506 21
4507 21
4508 21
4509 21
4510 21
4511 21
4512 21
4513 21
4514 21
4515 21
4516 21
4517 21
4518 21
4519 21
4520 21
4521 21
4522 21
4523 21
4524 21
4525 21
4526 21
4527 21
4528 21
4529 21
4530 21
4531 21
4532 21
4533 21
4534 21
4535 21
4536 21
4537 21
4538 21
4539 21
4540 21
4541 21
4542 21
4543 21
4544 21
4545 21
4546 21
4547 21
4548 21
4549 21
4550 21
4551 21
4552 21
4553 21
4554 21
4555 79
4556 79
4557 79
4558 79
4559 79
4560 79
4561 79
4562 79
4563 79
4564 79
4565 79
4566 79
4567 79
4568 79
4569 79
4570 79
4571 79
4572 79
4573 79
4574 79
4575 79
4576 79
4577 79
4578 79
4579 79
4580 79
4581 79
4582 79
4583 79
4584 79
4585 79
4586 79
4587 79
4588 79
4589 79
4590 79
4591 79
4592 79
4593 79
4594 79
4595 79
4596 79
4597 79
4598 79
4599 79
4600 79
4601 79
4602 79
4603 79
4604 79
4605 79
4606 79
4607 79
4608 79
4609 79
4610 79
4611 79
4612 79
4613 79
4614 79
4615 79
4616 79
4617 79
4618 79
4619 33
4620 33
4621 33
4622 33
4623 33
4624 33
4625 33
4626 33
4627 33
4628 33
4629 33
4630 33
4631 33
4632 33
4633 33
4634 33
4635 33
4636 33
4637 33
4638 33
4639 33
4640 33
4641 33
4642 33
4643 33
4644 33
4645 33
4646 33
4647 33
4648 33
4649 33
4650 33
4651 79
4652 79
4653 79
4654 79
4655 79
4656 79
4657 79
4658 79
4659 79
4660 79
4661 79
4662 79
4663 79
4664 79
4665 79
4666 79
4667 79
4668 79
4669 79
4670 79
4671 79
4672 79
4673 79
4674 79
4675 79
4676 79
4677 79
4678 79
4679 79
4680 79
4681 79
4682 79
4683 79
4684 79
4685 79
4686 79
4687 79
4688 79
4689 79
4690 79
4691 43
4692 43
4693 43
4694 43
4695 43
4696 43
4697 43
4698 43
4699 43
4700 43
4701 43
4702 43
4703 43
4704 43
4705 43
4706 43
4707 43
4708 43
4709 43
4710 43
4711 43
4712 43
4713 43
4714 43
4715 43
4716 43
4717 43
4718 43
4719 67
4720 67
4721 67
4722 67
4723 67
4724 67
4725 67
4726 67
4727 67
4728 67
4729 67
4730 67
4731 67
4732 67
4733 67
4734 67
4735 67
4736 67
4737 67
4738 67
4739 67
4740 67
4741 67
4742 79
4743 79
4744 79
4745 79
4746 79
4747 79
4748 79
4749 79
4750 79
4751 79
4752 79
4753 79
4754 79
4755 79
4756 79
4757 79
4758 79
4759 79
4760 79
4761 79
4762 79
4763 79
4764 79
4765 79
4766 80
4767 80
4768 80
4769 80
4770 80
4771 80
4772 80
4773 80
4774 80
4775 80
4776 80
4777 15
4778 15
4779 15
4780 15
4781 15
4782 15
4783 15
4784 15
4785 15
4786 15
4787 15
4788 15
4789 15
4790 15
4791 15
4792 15
4793 15
4794 15
4795 15
4796 15
4797 15
4798 15
4799 15
4800 15
4801 15
4802 15
4803 15
4804 15
4805 15
4806 15
4807 15
4808 15
4809 15
4810 15
4811 15
4812 15
4813 15
4814 15
4815 15
4816 15
4817 15
4818 15
4819 15
4820 15
4821 15
4822 45
4823 45
4824 45
4825 45
4826 45
4827 45
4828 45
4829 45
4830 45
4831 45
4832 45
4833 45
4834 45
4835 45
4836 45
4837 45
4838 45
4839 45
4840 45
4841 45
4842 41
4843 41
4844 41
4845 41
4846 41
4847 41
4848 41
4849 41
4850 41
4851 41
4852 41
4853 41
4854 41
4855 41
4856 41
4857 41
4858 27
4859 27
4860 27
4861 27
4862 27
4863 27
4864 27
4865 27
4866 27
4867 27
4868 27
4869 27
4870 27
4871 27
4872 27
4873 27
4874 27
4875 27
4876 27
4877 27
4878 27
4879 27
4880 27
4881 27
4882 27
4883 27
4884 27
4885 27
4886 27
4887 27
4888 27
4889 27
4890 27
4891 27
4892 80
4893 80
4894 81
4895 81
4896 81
4897 81
4898 81
4899 81
4900 81
4901 81
4902 81
4903 81
4904 81
4905 81
4906 81
4907 81
4908 81
4909 81
4910 81
4911 81
4912 81
4913 81
4914 81
4915 81
4916 81
4917 81
4918 81
4919 81
4920 81
4921 83
4922 83
4923 83
4924 83
4925 83
4926 83
4927 83
4928 83
4929 83
4930 238
4931 238
4932 238
4933 238
4934 238
4935 238
4936 238
4937 238
4938 239
4939 239
4940 239
4941 239
4942 239
4943 239
4944 239
4945 239
4946 239
4947 239
4948 239
4949 239
4950 239
4951 239
4952 239
4953 239
4954 239
4955 239
4956 239
4957 239
4958 239
4959 239
4960 239
4961 239
4962 40
4963 40
4964 40
4965 40
4966 40
4967 40
4968 40
4969 40
4970 40
4971 40
4972 40
4973 40
4974 40
4975 40
4976 40
4977 40
4978 40
4979 40
4980 40
4981 40
4982 40
4983 40
4984 40
4985 40
4986 40
4987 40
4988 40
4989 40
4990 40
4991 40
4992 40
4993 62
4994 62
4995 62
4996 62
4997 62
4998 62
4999 62
5000 62
5001 62
5002 62
5003 62
5004 62
5005 62
5006 62
5007 62
5008 62
5009 62
5010 62
5011 62
5012 62
5013 68
5014 68
5015 68
5016 68
5017 68
5018 68
5019 68
5020 68
5021 68
5022 68
5023 68
5024 68
5025 68
5026 68
5027 68
5028 68
5029 68
5030 68
5031 68
5032 68
5033 68
5034 68
5035 68
5036 68
5037 68
5038 68
5039 68
5040 68
5041 68
5042 68
5043 64
5044 64
5045 64
5046 64
5047 64
5048 64
5049 64
5050 64
5051 64
5052 64
5053 64
5054 64
5055 64
5056 64
5057 64
5058 64
5059 64
5060 64
5061 64
5062 64
5063 64
5064 64
5065 64
5066 64
5067 64
5068 64
5069 64
5070 64
5071 64
5072 64
5073 64
5074 64
5075 64
5076 64
5077 64
5078 64
5079 64
5080 64
5081 64
5082 64
5083 64
5084 64
5085 64
5086 64
5087 64
5088 64
5089 61
5090 61
5091 61
5092 61
5093 61
5094 61
5095 61
5096 61
5097 61
5098 61
5099 61
5100 61
5101 61
5102 61
5103 61
5104 61
5105 61
5106 61
5107 61
5108 61
5109 61
5110 61
5111 61
5112 61
5113 61
5114 61
5115 61
5116 61
5117 61
5118 61
5119 61
5120 39
5121 39
5122 39
5123 39
5124 39
5125 39
5126 39
5127 39
5128 39
5129 39
5130 39
5131 39
5132 39
5133 39
5134 39
5135 39
5136 39
5137 39
5138 39
5139 39
5140 39
5141 39
5142 39
5143 39
5144 39
5145 39
5146 19
5147 19
5148 19
5149 19
5150 19
5151 19
5152 19
5153 19
5154 19
5155 19
5156 19
5157 19
5158 19
5159 19
5160 19
5161 19
5162 19
5163 19
5164 19
5165 19
5166 19
5167 19
5168 19
5169 19
5170 19
5171 19
5172 19
5173 19
5174 19
5175 19
5176 19
5177 19
5178 32
5179 32
5180 32
5181 32
5182 32
5183 32
5184 32
5185 32
5186 32
5187 32
5188 32
5189 32
5190 32
5191 32
5192 32
5193 32
5194 32
5195 32
5196 32
5197 32
5198 32
5199 32
5200 32
5201 32
5202 32
5203 32
5204 32
5205 32
5206 32
5207 32
5208 32
5209 32
5210 32
5211 32
5212 66
5213 66
5214 66
5215 66
5216 66
5217 66
5218 66
5219 66
5220 66
5221 66
5222 66
5223 66
5224 66
5225 66
5226 66
5227 66
5228 66
5229 66
5230 66
5231 66
5232 66
5233 66
5234 66
5235 66
5236 66
5237 66
5238 66
5239 66
5240 59
5241 59
5242 59
5243 59
5244 59
5245 59
5246 59
5247 59
5248 59
5249 59
5250 59
5251 59
5252 59
5253 59
5254 59
5255 59
5256 59
5257 59
5258 59
5259 59
5260 59
5261 59
5262 59
5263 59
5264 59
5265 59
5266 59
5267 38
5268 38
5269 38
5270 38
5271 38
5272 38
5273 38
5274 38
5275 38
5276 38
5277 38
5278 38
5279 38
5280 38
5281 38
5282 38
5283 38
5284 38
5285 38
5286 38
5287 38
5288 38
5289 38
5290 38
5291 38
5292 38
5293 38
5294 38
5295 38
5296 38
5297 38
5298 38
5299 38
5300 239
5301 239
5302 239
5303 239
5304 239
5305 239
5306 240
5307 240
5308 240
5309 240
5310 240
5311 240
5312 240
5313 240
5314 240
5315 240
5316 240
5317 240
5318 240
5319 240
5320 240
5321 240
5322 240
5323 240
5324 240
5325 240
5326 240
5327 240
5328 240
5329 240
5330 240
5331 240
5332 240
5333 240
5334 240
5335 240
5336 240
5337 240
5338 240
5339 240
5340 240
5341 240
5342 241
5343 241
5344 241
5345 241
5346 241
5347 241
5348 241
5349 42
5350 42
5351 42
5352 42
5353 42
5354 42
5355 42
5356 42
5357 42
5358 42
5359 42
5360 42
5361 42
5362 42
5363 42
5364 42
5365 42
5366 42
5367 42
5368 42
5369 42
5370 42
5371 42
5372 42
5373 42
5374 42
5375 42
5376 42
5377 42
5378 42
5379 72
5380 72
5381 72
5382 72
5383 72
5384 72
5385 72
5386 72
5387 72
5388 72
5389 72
5390 72
5391 72
5392 72
5393 72
5394 72
5395 72
5396 72
5397 72
5398 72
5399 72
5400 72
5401 72
5402 72
5403 72
5404 72
5405 72
5406 72
5407 72
5408 72
5409 72
5410 72
5411 72
5412 72
5413 72
5414 72
5415 72
5416 72
5417 72
5418 72
5419 72
5420 72
5421 49
5422 49
5423 49
5424 49
5425 49
5426 49
5427 49
5428 49
5429 49
5430 49
5431 49
5432 52
5433 52
5434 52
5435 52
5436 52
5437 52
5438 52
5439 52
5440 52
5441 52
5442 52
5443 52
5444 51
5445 51
5446 51
5447 51
5448 51
5449 51
5450 51
5451 51
5452 51
5453 51
5454 51
5455 51
5456 54
5457 54
5458 54
5459 54
5460 54
5461 54
5462 54
5463 54
5464 54
5465 54
5466 54
5467 54
5468 53
5469 53
5470 53
5471 53
5472 53
5473 53
5474 53
5475 53
5476 53
5477 53
5478 53
5479 53
5480 22
5481 22
5482 22
5483 22
5484 22
5485 22
5486 22
5487 22
5488 22
5489 22
5490 22
5491 22
5492 22
5493 22
5494 22
5495 22
5496 22
5497 22
5498 22
5499 22
5500 22
5501 57
5502 241
5503 57
5504 57
5505 57
5506 57
5507 241
5508 241
5509 241
5510 57
5511 57
5512 241
5513 57
5514 57
5515 241
5516 57
5517 241
5518 57
5519 57
5520 57
5521 57
5522 57
5523 241
5524 241
5525 57
5526 57
5527 241
5528 57
5529 57
5530 241
5531 57
5532 241
5533 57
5534 57
5535 57
5536 241
5537 241
5538 241
5539 241
5540 57
5541 57
5542 57
5543 241
5544 57
5545 241
5546 57
5547 57
5548 57
5549 241
5550 57
5551 241
5552 241
5553 57
5554 241
5555 57
5556 57
5557 57
5558 241
5559 57
5560 241
5561 57
5562 241
5563 57
5564 57
5565 57
5566 241
5567 57
5568 241
5569 57
5570 241
5571 57
5572 57
5573 57
5574 241
5575 57
5576 241
5577 57
5578 57
5579 57
5580 57
5581 241
5582 57
5583 241
5584 241
5585 57
5586 242
5587 57
5588 57
5589 242
5590 57
5591 57
5592 57
5593 57
5594 57
5595 242
5596 57
5597 242
5598 242
5599 57
5600 242
5601 57
5602 57
5603 242
5604 242
5605 242
5606 242
5607 242
5608 242
5609 242
5610 242
5611 242
5612 242
5613 242
5614 242
5615 242
5616 242
5617 242
5618 242
5619 242
5620 242
5621 242
5622 242
5623 242
5624 242
5625 242
5626 242
5627 242
5628 242
5629 242
5630 242
5631 242
5632 242
5633 242
5634 242
5635 242
5636 242
5637 242
5638 242
5639 243
5640 243
5641 243
5642 243
5643 243
5644 243
5645 243
5646 243
5647 243
5648 243
5649 243
5650 243
5651 243
5652 243
5653 243
5654 243
5655 243
5656 243
5657 243
5658 243
5659 243
5660 243
5661 243
5662 243
5663 243
5664 243
5665 243
5666 243
5667 244
5668 244
5669 244
5670 244
5671 244
5672 245
5673 245
5674 44
5675 44
5676 44
5677 44
5678 44
5679 44
5680 44
5681 44
5682 44
5683 44
5684 44
5685 44
5686 44
5687 44
5688 44
5689 44
5690 44
5691 44
5692 44
5693 44
5694 44
5695 44
5696 44
5697 44
5698 44
5699 44
5700 44
5701 44
5702 44
5703 44
5704 44
5705 44
5706 44
5707 44
5708 44
5709 44
5710 44
5711 44
5712 44
5713 44
5714 44
5715 44
5716 44
5717 44
5718 44
5719 44
5720 44
5721 44
5722 44
5723 44
5724 44
5725 44
5726 44
5727 44
5728 44
5729 44
5730 44
5731 44
5732 44
5733 44
5734 44
5735 44
5736 44
5737 44
5738 237
5739 237
5740 237
5741 237
5742 237
5743 237
5744 236
5745 236
5746 236
5747 236
5748 236
5749 236
5750 236
5751 236
5752 236
5753 236
5754 236
5755 236
5756 236
5757 236
5758 236
5759 236
5760 236
5761 236
5762 236
5763 236
5764 236
5765 236
5766 236
5767 236
5768 236
5769 236
5770 236
5771 236
5772 236
5773 236
5774 236
5775 236
5776 233
5777 233
5778 233
5779 233
5780 233
5781 233
5782 233
5783 233
5784 233
5785 233
5786 233
5787 233
5788 233
5789 233
5790 233
5791 233
5792 233
5793 233
5794 233
5795 233
5796 233
5797 233
5798 233
5799 233
5800 233
5801 233
5802 233
5803 233
5804 233
5805 233
5806 233
5807 233
5808 233
5809 233
5810 233
5811 233
5812 233
5813 233
5814 233
5815 233
5816 233
5817 233
5818 233
5819 233
5820 233
5821 233
5822 233
5823 233
5824 233
5825 233
5826 233
5827 233
5828 233
5829 233
5830 233
5831 233
5832 233
5833 233
5834 233
5835 233
5836 233
5837 233
5838 233
5839 233
5840 233
5841 233
5842 233
5843 233
5844 233
5845 233
5846 233
5847 233
5848 233
5849 233
5850 233
5851 233
5852 233
5853 233
5854 233
5855 233
5856 233
5857 233
5858 233
5859 233
5860 233
5861 233
5862 233
5863 233
5864 233
5865 233
5866 233
5867 233
5868 233
5869 233
5870 233
5871 233
5872 233
5873 233
5874 233
5875 233
5876 233
5877 233
5878 233
5879 233
5880 233
5881 233
5882 233
5883 233
5884 233
5885 233
5886 233
5887 233
5888 233
5889 233
5890 233
5891 233
5892 233
5893 233
5894 233
5895 233
5896 233
5897 233
5898 233
5899 233
5900 233
5901 233
5902 233
5903 233
5904 233
5905 233
5906 233
5907 233
5908 233
5909 233
5910 233
5911 233
5912 233
5913 233
5914 233
5915 233
5916 233
5917 233
5918 233
5919 233
5920 233
5921 233
5922 233
5923 233
5924 233
5925 233
5926 233
5927 233
5928 233
5929 233
5930 233
5931 233
5932 233
5933 233
5934 233
5935 233
5936 233
5937 233
5938 233
5939 233
5940 233
5941 233
5942 233
5943 233
5944 233
5945 233
5946 233
5947 233
5948 233
5949 233
5950 233
5951 233
5952 233
5953 233
5954 233
5955 233
5956 233
5957 233
5958 233
5959 233
5960 233
5961 233
5962 233
5963 233
5964 233
5965 233
5966 233
5967 233
5968 233
5969 233
5970 233
5971 233
5972 233
5973 233
5974 233
5975 233
5976 233
5977 233
5978 233
5979 233
5980 233
5981 233
5982 233
5983 233
5984 233
5985 233
5986 233
5987 233
5988 233
5989 233
5990 233
5991 233
5992 233
5993 233
5994 233
5995 233
5996 233
5997 233
5998 233
5999 233
6000 233
6001 233
6002 233
6003 233
6004 233
6005 233
6006 233
6007 233
6008 233
6009 233
6010 233
6011 233
6012 233
6013 233
6014 233
6015 233
6016 233
6017 233
6018 233
6019 233
6020 233
6021 233
6022 233
6023 233
6024 233
6025 233
6026 233
6027 233
6028 233
6029 233
6030 233
6031 233
6032 233
6033 233
6034 233
6035 233
6036 233
6037 233
6038 233
6039 233
6040 233
6041 233
6042 233
6043 233
6044 233
6045 233
6046 233
6047 233
6048 233
6049 233
6050 233
6051 233
6052 233
6053 233
6054 233
6055 233
6056 233
6057 233
6058 233
6059 233
6060 233
6061 233
6062 233
6063 233
6064 233
6065 233
6066 233
6067 233
6068 233
6069 233
6070 233
6071 233
6072 233
6073 233
6074 233
6075 233
6076 233
6077 233
6078 233
6079 233
6080 233
6081 233
6082 233
6083 233
6084 233
6085 233
6086 233
6087 233
6088 233
6089 233
6090 233
6091 233
6092 233
6093 233
6094 233
6095 233
6096 233
6097 233
6098 233
6099 233
6100 233
6101 233
6102 233
6103 233
6104 233
6105 233
6106 233
6107 233
6108 233
6109 233
6110 233
6111 233
6112 233
6113 233
6114 233
6115 233
6116 233
6117 233
6118 233
6119 233
6120 233
6121 233
6122 233
6123 233
6124 233
6125 233
6126 233
6127 233
6128 233
6129 233
6130 233
6131 233
6132 233
6133 233
6134 233
6135 233
6136 233
6137 233
6138 233
6139 233
6140 233
6141 233
6142 233
6143 233
6144 233
6145 233
6146 233
6147 233
6148 233
6149 233
6150 233
6151 233
6152 233
6153 233
6154 233
6155 233
6156 233
6157 233
6158 233
6159 233
6160 233
6161 233
6162 233
6163 233
6164 233
6165 233
6166 233
6167 233
6168 233
6169 233
6170 233
6171 233
6172 233
6173 233
6174 233
6175 233
6176 172
6177 172
6178 172
6179 172
6180 172
6181 172
6182 172
6183 172
6184 172
6185 172
6186 172
6187 172
6188 172
6189 172
6190 172
6191 172
6192 172
6193 172
6194 172
6195 172
6196 172
6197 172
6198 172
6199 172
6200 227
6201 227
6202 227
6203 227
6204 227
6205 227
6206 227
6207 227
6208 227
6209 227
6210 227
6211 202
6212 202
6213 202
6214 202
6215 202
6216 202
6217 202
6218 202
6219 202
6220 202
6221 202
6222 202
6223 202
6224 202
6225 202
6226 202
6227 202
6228 202
6229 202
6230 202
6231 202
6232 200
6233 200
6234 200
6235 200
6236 200
6237 200
6238 200
6239 200
6240 200
6241 200
6242 200
6243 200
6244 200
6245 200
6246 200
6247 200
6248 193
6249 193
6250 193
6251 193
6252 193
6253 193
6254 193
6255 193
6256 193
6257 193
6258 193
6259 193
6260 193
6261 193
6262 193
6263 193
6264 193
6265 196
6266 196
6267 196
6268 196
6269 196
6270 196
6271 196
6272 196
6273 196
6274 196
6275 196
6276 196
6277 196
6278 174
6279 174
6280 174
6281 174
6282 170
6283 170
6284 170
6285 170
6286 170
6287 170
6288 170
6289 170
6290 170
6291 170
6292 170
6293 170
6294 220
6295 220
6296 220
6297 220
6298 220
6299 220
6300 220
6301 220
6302 220
6303 220
6304 220
6305 220
6306 220
6307 220
6308 220
6309 220
6310 190
6311 190
6312 190
6313 190
6314 190
6315 190
6316 190
6317 190
6318 190
6319 190
6320 190
6321 190
6322 225
6323 225
6324 225
6325 225
6326 225
6327 225
6328 225
6329 225
6330 218
6331 218
6332 218
6333 218
6334 218
6335 218
6336 218
6337 218
6338 218
6339 218
6340 218
6341 218
6342 218
6343 175
6344 175
6345 175
6346 175
6347 175
6348 175
6349 175
6350 175
6351 175
6352 175
6353 175
6354 175
6355 175
6356 175
6357 175
6358 175
6359 175
6360 201
6361 201
6362 201
6363 201
6364 201
6365 201
6366 201
6367 201
6368 201
6369 201
6370 201
6371 201
6372 201
6373 201
6374 212
6375 212
6376 212
6377 212
6378 203
6379 203
6380 203
6381 203
6382 203
6383 203
6384 203
6385 203
6386 223
6387 223
6388 223
6389 223
6390 223
6391 223
6392 223
6393 223
6394 223
6395 223
6396 223
6397 223
6398 228
6399 228
6400 228
6401 228
6402 228
6403 228
6404 228
6405 228
6406 221
6407 221
6408 221
6409 221
6410 221
6411 221
6412 221
6413 221
6414 215
6415 215
6416 215
6417 215
6418 215
6419 215
6420 215
6421 215
6422 205
6423 205
6424 205
6425 205
6426 205
6427 205
6428 205
6429 205
6430 205
6431 205
6432 205
6433 205
6434 214
6435 214
6436 214
6437 214
6438 214
6439 214
6440 214
6441 214
6442 214
6443 214
6444 214
6445 181
6446 181
6447 181
6448 181
6449 181
6450 181
6451 181
6452 181
6453 181
6454 181
6455 181
6456 181
6457 171
6458 171
6459 171
6460 171
6461 171
6462 171
6463 171
6464 171
6465 171
6466 171
6467 171
6468 171
6469 224
6470 224
6471 224
6472 224
6473 224
6474 224
6475 224
6476 224
6477 216
6478 216
6479 216
6480 216
6481 216
6482 216
6483 216
6484 216
6485 226
6486 226
6487 226
6488 226
6489 226
6490 226
6491 226
6492 226
6493 226
6494 226
6495 226
6496 226
6497 208
6498 208
6499 208
6500 208
6501 208
6502 208
6503 208
6504 208
6505 192
6506 192
6507 192
6508 192
6509 192
6510 192
6511 192
6512 217
6513 217
6514 217
6515 217
6516 217
6517 217
6518 217
6519 217
6520 217
6521 217
6522 217
6523 217
6524 207
6525 207
6526 207
6527 207
6528 207
6529 207
6530 207
6531 207
6532 207
6533 207
6534 207
6535 207
6536 191
6537 191
6538 191
6539 191
6540 191
6541 191
6542 191
6543 191
6544 191
6545 176
6546 176
6547 176
6548 176
6549 176
6550 176
6551 176
6552 176
6553 176
6554 176
6555 176
6556 183
6557 183
6558 183
6559 183
6560 183
6561 183
6562 183
6563 183
6564 183
6565 183
6566 183
6567 183
6568 211
6569 211
6570 211
6571 211
6572 211
6573 211
6574 211
6575 211
6576 211
6577 211
6578 211
6579 211
6580 184
6581 184
6582 184
6583 184
6584 184
6585 184
6586 184
6587 184
6588 177
6589 177
6590 177
6591 177
6592 177
6593 177
6594 177
6595 177
6596 186
6597 186
6598 186
6599 186
6600 186
6601 186
6602 186
6603 186
6604 186
6605 186
6606 186
6607 186
6608 194
6609 194
6610 194
6611 194
6612 194
6613 194
6614 194
6615 194
6616 185
6617 185
6618 185
6619 185
6620 185
6621 185
6622 185
6623 198
6624 198
6625 198
6626 198
6627 198
6628 198
6629 198
6630 198
6631 219
6632 219
6633 219
6634 219
6635 219
6636 219
6637 219
6638 219
6639 219
6640 219
6641 219
6642 219
6643 209
6644 209
6645 209
6646 209
6647 209
6648 209
6649 209
6650 209
6651 209
6652 209
6653 209
6654 182
6655 182
6656 182
6657 182
6658 182
6659 182
6660 182
6661 182
6662 182
6663 182
6664 182
6665 182
6666 204
6667 204
6668 204
6669 187
6670 187
6671 187
6672 187
6673 187
6674 187
6675 187
6676 187
6677 195
6678 195
6679 195
6680 195
6681 195
6682 195
6683 195
6684 195
6685 195
6686 195
6687 195
6688 195
6689 179
6690 179
6691 179
6692 179
6693 179
6694 179
6695 179
6696 179
6697 199
6698 199
6699 199
6700 199
6701 199
6702 199
6703 199
6704 199
6705 199
6706 199
6707 199
6708 199
6709 222
6710 222
6711 222
6712 222
6713 222
6714 222
6715 222
6716 222
6717 213
6718 213
6719 213
6720 213
6721 213
6722 213
6723 213
6724 213
6725 213
6726 213
6727 213
6728 213
6729 206
6730 206
6731 206
6732 206
6733 206
6734 206
6735 206
6736 206
6737 206
6738 206
6739 206
6740 206
6741 178
6742 178
6743 178
6744 178
6745 178
6746 178
6747 178
6748 178
6749 173
6750 173
6751 173
6752 173
6753 173
6754 173
6755 173
6756 173
6757 173
6758 173
6759 173
6760 188
6761 188
6762 188
6763 188
6764 188
6765 188
6766 188
6767 188
6768 188
6769 188
6770 188
6771 188
6772 188
6773 188
6774 188
6775 188
6776 188
6777 188
6778 188
6779 188
6780 188
6781 188
6782 188
6783 188
6784 188
6785 188
6786 210
6787 210
6788 210
6789 210
6790 210
6791 210
6792 210
6793 210
6794 210
6795 197
6796 197
6797 197
6798 197
6799 197
6800 197
6801 197
6802 197
6803 197
6804 197
6805 197
6806 197
6807 197
6808 197
6809 197
6810 197
6811 197
6812 197
6813 197
6814 197
6815 161
6816 161
6817 161
6818 161
6819 161
6820 161
6821 160
6822 160
6823 160
6824 160
6825 160
6826 160
6827 160
6828 164
6829 164
6830 164
6831 164
6832 164
6833 164
6834 164
6835 164
6836 156
6837 156
6838 156
6839 156
6840 156
6841 156
6842 156
6843 156
6844 158
6845 158
6846 158
6847 158
6848 158
6849 158
6850 158
6851 158
6852 159
6853 159
6854 159
6855 159
6856 159
6857 159
6858 159
6859 159
6860 162
6861 162
6862 162
6863 162
6864 162
6865 162
6866 162
6867 162
6868 162
6869 165
6870 165
6871 165
6872 165
6873 165
6874 165
6875 165
6876 165
6877 165
6878 165
6879 165
6880 153
6881 153
6882 153
6883 153
6884 153
6885 153
6886 153
6887 153
6888 155
6889 155
6890 81
6891 81
6892 81
6893 81
6894 81
6895 81
6896 81
6897 81
6898 81
6899 81
6900 81
6901 81
6902 81
6903 81
6904 81
6905 81
6906 81
6907 81
6908 81
6909 81
6910 81
6911 81
6912 6
6913 6
6914 6
6915 6
6916 2
6917 2
6918 2
6919 2
6920 2
6921 2
6922 2
6923 2
6924 2
6925 2
6926 2
6927 2
6928 2
6929 2
6930 2
6931 2
6932 2
6933 2
6934 2
6935 2
6936 2
6937 2
6938 2
6939 2
6940 2
6941 2
6942 2
6943 2
6944 2
6945 2
6946 2
6947 2
6948 2
6949 245
6950 245
6951 144
6952 144
6953 144
6954 144
6955 78
6956 78
6957 78
6958 78
6959 78
6960 78
6961 78
6962 78
6963 78
6964 78
6965 78
6966 78
6967 78
6968 78
6969 78
6970 78
6971 78
6972 78
6973 78
6974 78
6975 78
6976 78
6977 78
6978 107
6979 107
6980 107
6981 107
6982 107
6983 107
6984 107
6985 107
6986 107
6987 107
6988 107
6989 107
6990 107
6991 107
6992 107
6993 107
6994 180
6995 180
6996 180
6997 180
6998 180
6999 180
7000 180
7001 180
7002 180
7003 180
7004 180
7005 180
7006 180
7007 180
7008 180
7009 180
7010 180
7011 180
7012 180
7013 180
7014 180
7015 180
7016 180
7017 180
7018 180
7019 180
7020 180
7021 180
7022 180
7023 81
7024 81
7025 81
7026 81
7027 81
7028 81
7029 81
7030 81
7031 81
7032 101
7033 101
7034 101
7035 101
7036 101
7037 101
7038 101
7039 101
7040 101
7041 101
7042 101
7043 101
7044 97
7045 97
7046 97
7047 97
7048 97
7049 97
7050 97
7051 97
7052 97
7053 97
7054 97
7055 97
7056 97
7057 97
7058 97
7059 97
7060 97
7061 97
7062 97
7063 97
7064 97
7065 97
7066 137
7067 137
7068 137
7069 137
7070 137
7071 85
7072 85
7073 85
7074 85
7075 85
7076 85
7077 85
7078 85
7079 85
7080 85
7081 85
7082 85
7083 85
7084 84
7085 84
7086 84
7087 84
7088 146
7089 146
7090 146
7091 146
7092 146
7093 146
7094 146
7095 146
7096 146
7097 146
7098 146
7099 146
7100 146
7101 146
7102 146
7103 146
7104 146
7105 146
7106 147
7107 147
7108 147
7109 147
7110 147
7111 147
7112 147
7113 147
7114 147
7115 154
7116 154
7117 154
7118 154
7119 154
7120 154
7121 154
7122 154
7123 154
7124 154
7125 154
7126 8
7127 8
7128 8
7129 8
7130 8
7131 8
7132 8
7133 8
7134 8
7135 8
7136 8
7137 8
7138 8
7139 8
7140 8
7141 8
7142 8
7143 8
7144 8
7145 8
7146 8
7147 8
7148 8
7149 8
7150 8
7151 8
7152 8
7153 8
7154 8
7155 8
7156 8
7157 8
7158 8
7159 8
7160 8
7161 8
7162 8
7163 8
7164 8
7165 8
7166 8
7167 8
7168 8
7169 8
7170 8
7171 8
7172 8
7173 8
7174 18
7175 18
7176 18
7177 18
7178 18
7179 18
7180 18
7181 18
7182 18
7183 18
7184 18
7185 18
7186 18
7187 18
7188 18
7189 18
7190 18
7191 18
7192 18
7193 18
7194 18
7195 18
7196 18
7197 18
7198 18
7199 18
7200 18
7201 18
7202 18
7203 18
7204 18
7205 18
7206 18
7207 18
7208 18
7209 18
7210 18
7211 23
7212 23
7213 23
7214 23
7215 23
7216 23
7217 23
7218 23
7219 23
7220 23
7221 23
7222 23
7223 23
7224 23
7225 23
7226 23
7227 23
7228 23
7229 23
7230 23
7231 23
7232 23
7233 23
7234 23
7235 23
7236 23
7237 23
7238 23
7239 23
7240 23
7241 23
7242 23
7243 23
7244 23
7245 23
7246 23
7247 23
7248 23
7249 23
7250 23
7251 23
7252 23
7253 23
7254 23
7255 23
7256 23
7257 23
7258 23
7259 23
7260 23
7261 23
7262 23
7263 23
7264 23
7265 23
7266 23
7267 23
7268 23
7269 23
7270 23
7271 23
7272 23
7273 23
7274 23
7275 23
7276 23
7277 23
7278 23
7279 23
7280 23
7281 23
7282 23
7283 25
7284 25
7285 25
7286 25
7287 25
7288 25
7289 25
7290 25
7291 25
7292 25
7293 25
7294 25
7295 25
7296 25
7297 25
7298 25
7299 25
7300 25
7301 25
7302 25
7303 25
7304 25
7305 25
7306 25
7307 25
7308 25
7309 25
7310 25
7311 25
7312 25
7313 25
7314 25
7315 25
7316 25
7317 25
7318 25
7319 25
7320 25
7321 25
7322 25
7323 25
7324 25
7325 25
7326 25
7327 25
7328 25
7329 25
7330 25
7331 25
7332 25
7333 25
7334 25
7335 25
7336 25
7337 25
7338 25
7339 25
7340 25
7341 25
7342 25
7343 25
7344 25
7345 25
7346 25
7347 25
7348 25
7349 25
7350 26
7351 26
7352 26
7353 26
7354 26
7355 26
7356 26
7357 26
7358 26
7359 26
7360 26
7361 26
7362 26
7363 26
7364 26
7365 26
7366 26
7367 26
7368 26
7369 26
7370 26
7371 26
7372 26
7373 26
7374 26
7375 26
7376 26
7377 26
7378 26
7379 26
7380 26
7381 26
7382 26
7383 26
7384 26
7385 46
7386 46
7387 46
7388 46
7389 46
7390 46
7391 46
7392 46
7393 46
7394 46
7395 46
7396 46
7397 46
7398 46
7399 46
7400 46
7401 46
7402 46
7403 46
7404 46
7405 46
7406 46
7407 46
7408 46
7409 46
7410 46
7411 46
7412 46
7413 46
7414 46
7415 46
7416 46
7417 46
7418 46
7419 46
7420 46
7421 46
7422 46
7423 46
7424 46
7425 46
7426 46
7427 46
7428 46
7429 46
7430 46
7431 46
7432 46
7433 46
7434 46
7435 46
7436 46
7437 46
7438 46
7439 46
7440 46
7441 46
7442 46
7443 46
7444 46
7445 46
7446 46
7447 46
7448 46
7449 56
7450 56
7451 56
7452 56
7453 56
7454 56
7455 56
7456 56
7457 56
7458 56
7459 56
7460 56
7461 56
7462 56
7463 56
7464 56
7465 56
7466 56
7467 56
7468 56
7469 56
7470 56
7471 56
7472 56
7473 56
7474 56
7475 56
7476 56
7477 56
7478 56
7479 56
7480 56
7481 56
7482 56
7483 56
7484 56
7485 56
7486 56
7487 56
7488 56
7489 58
7490 58
7491 58
7492 58
7493 58
7494 58
7495 58
7496 58
7497 58
7498 58
7499 58
7500 58
7501 58
7502 58
7503 58
7504 58
7505 58
7506 58
7507 58
7508 58
7509 58
7510 58
7511 58
7512 58
7513 58
7514 58
7515 58
7516 58
7517 58
7518 58
7519 58
7520 58
7521 58
7522 58
7523 58
7524 58
7525 58
7526 58
7527 58
7528 58
7529 58
7530 58
7531 58
7532 58
7533 58
7534 58
7535 58
7536 58
7537 58
7538 58
7539 58
7540 58
7541 58
7542 58
7543 58
7544 58
7545 58
7546 58
7547 58
7548 58
7549 58
7550 58
7551 58
7552 58
7553 58
7554 58
7555 58
7556 58
7557 58
7558 58
7559 58
7560 58
7561 58
7562 58
7563 58
7564 58
7565 58
7566 58
7567 58
7568 58
7569 58
7570 58
7571 58
7572 58
7573 58
7574 58
7575 58
7576 58
7577 58
7578 58
7579 58
7580 58
7581 58
7582 58
7583 58
7584 58
7585 58
7586 58
7587 58
7588 58
7589 58
7590 58
7591 58
7592 58
7593 58
7594 58
7595 58
7596 58
7597 58
7598 58
7599 58
7600 58
7601 58
7602 58
7603 58
7604 58
7605 58
7606 58
7607 58
7608 58
7609 58
7610 58
7611 58
7612 58
7613 58
7614 58
7615 58
7616 58
7617 58
7618 58
7619 58
7620 58
7621 58
7622 58
7623 58
7624 58
7625 58
7626 58
7627 58
7628 58
7629 58
7630 58
7631 58
7632 58
7633 58
7634 58
7635 58
7636 58
7637 58
7638 58
7639 58
7640 58
7641 58
7642 58
7643 58
7644 58
7645 58
7646 58
7647 58
7648 58
7649 58
7650 58
7651 58
7652 58
7653 58
7654 58
7655 58
7656 58
7657 58
7658 58
7659 58
7660 58
7661 58
7662 58
7663 58
7664 58
7665 58
7666 58
7667 58
7668 58
7669 58
7670 58
7671 58
7672 58
7673 58
7674 58
7675 58
7676 58
7677 58
7678 58
7679 58
7680 58
7681 58
7682 58
7683 58
7684 58
7685 58
7686 58
7687 58
7688 58
7689 58
7690 58
7691 58
7692 58
7693 58
7694 58
7695 63
7696 63
7697 63
7698 63
7699 63
7700 63
7701 63
7702 63
7703 63
7704 63
7705 63
7706 63
7707 63
7708 63
7709 63
7710 63
7711 63
7712 63
7713 63
7714 63
7715 63
7716 63
7717 63
7718 63
7719 63
7720 63
7721 63
7722 63
7723 65
7724 65
7725 65
7726 65
7727 65
7728 65
7729 65
7730 65
7731 65
7732 65
7733 65
7734 65
7735 65
7736 65
7737 65
7738 65
7739 112
7740 112
7741 112
7742 112
7743 112
7744 112
7745 112
7746 112
7747 112
7748 112
7749 112
7750 112
7751 112
7752 112
7753 112
7754 112
7755 112
7756 112
7757 112
7758 112
7759 120
7760 120
7761 120
7762 120
7763 120
7764 120
7765 120
7766 120
7767 120
7768 157
7769 157
7770 157
7771 157
7772 157
7773 157
7774 157
7775 157
7776 157
7777 163
7778 163
7779 163
7780 163
7781 163
7782 163
7783 245
7784 245
7785 245
7786 245
7787 245
7788 245
7789 245
7790 245
7791 245
7792 239
7793 239
7794 239
7795 239
7796 239
7797 239
7798 239
7799 239
7800 239
7801 239
7802 239
7803 239
7804 239
7805 239
7806 240
7807 240
7808 240
7809 240
7810 240
7811 240
7812 240
7813 240
7814 242
7815 242
7816 242
7817 242
7818 242
7819 242
7820 242
7821 242
7822 242
7823 242
7824 242
7825 242
7826 242
7827 242
7828 242
7829 246
7830 246
7831 246
7832 246
7833 246
7834 246
7835 246
7836 246
7837 161
7838 161
7839 161
7840 161
7841 161
7842 161
7843 162
7844 162
7845 162
7846 162
7847 162
7848 162
7849 162
7850 162
7851 162
7852 98
7853 98
7854 98
7855 98
7856 98
7857 98
7858 98
7859 98
7860 98
7861 98
7862 98
7863 247
7864 247
7865 247
7866 247
7867 247
7868 247
7869 247
7870 247
7871 247
7872 248
7873 248
7874 248
7875 248
7876 248
7877 248
7878 248
7879 248
7880 248
7881 248
7882 248
7883 248
7884 248
7885 248
7886 248
7887 248
7888 248
7889 248
7890 249
7891 249
7892 249
7893 249
7894 249
7895 249
7896 249
7897 249
7898 249
7899 249
7900 249
7901 249
7902 249
7903 249
7904 249
7905 249
7906 249
7907 249
7908 249
7909 250
7910 250
7911 250
7912 250
7913 250
7914 250
7915 250
7916 250
7917 250
7918 250
7919 251
7920 251
7921 251
7922 252
7923 252
7924 252
7925 252
7926 252
7927 252
7928 252
7929 252
7930 252
7931 252
7932 252
7933 253
7934 253
7935 253
7936 253
7937 254
7938 254
7939 254
7940 254
7941 254
7942 254
7943 254
7944 254
7945 254
7946 254
7947 254
7948 254
7949 254
7950 254
7951 254
7952 254
7953 254
7954 254
7955 254
7956 254
7957 254
7958 254
7959 254
7960 254
7961 254
7962 254
7963 254
7964 254
7965 254
7966 254
7967 254
7968 254
7969 254
7970 254
7971 254
7972 254
7973 254
7974 254
7975 254
7976 254
7977 254
7978 254
7979 254
7980 254
7981 254
7982 254
7983 254
7984 254
7985 254
7986 255
7987 255
7988 255
7989 255
7990 255
7991 255
7992 255
7993 255
7994 255
7995 255
7996 255
7997 256
7998 256
7999 256
8000 256
8001 256
8002 256
8003 256
8004 256
8005 256
8006 256
8007 256
8008 256
8009 257
8010 258
8011 258
8012 258
8013 258
8014 258
8015 258
8016 258
8017 258
8018 258
8019 258
8020 258
8021 258
8022 258
8023 258
8024 258
8025 258
8026 258
8027 258
8028 258
8029 258
8030 258
8031 258
8032 258
8033 258
8034 258
8035 258
8036 258
8037 258
8038 258
8039 258
8040 258
8041 258
8042 258
8043 258
8044 258
8045 258
8046 258
8047 258
8048 258
8049 258
8050 258
8051 258
8052 258
8053 258
8054 258
8055 258
8056 258
8057 258
8058 258
8059 258
8060 258
8061 258
8062 258
8063 258
8064 258
8065 258
8066 258
8067 258
8068 258
8069 258
8070 258
8071 258
8072 258
8073 258
8074 258
8075 258
8076 258
8077 258
8078 258
8079 258
8080 258
8081 258
8082 258
8083 258
8084 258
8085 258
8086 258
8087 258
8088 258
8089 258
8090 258
8091 258
8092 258
8093 258
8094 258
8095 258
8096 258
8097 258
8098 258
8099 258
8100 258
8101 258
8102 258
8103 258
8104 258
8105 258
8106 258
8107 258
8108 258
8109 258
8110 258
8111 258
8112 258
8113 258
8114 258
8115 258
8116 258
8117 259
8118 259
8119 259
8120 259
8121 259
8122 259
8123 259
8124 259
8125 259
8126 259
8127 260
8128 260
8129 260
8130 260
8131 260
8132 261
8133 261
8134 261
8135 261
8136 261
8137 261
8138 261
8139 261
8140 261
8141 262
8142 262
8143 262
8144 262
8145 262
8146 262
8147 262
8148 262
8149 262
8150 262
8151 262
8152 263
8153 263
8154 263
8155 263
8156 263
8157 263
8158 263
8159 263
8160 263
8161 264
8162 264
8163 264
8164 264
8165 264
8166 264
8167 264
8168 264
8169 264
8170 264
8171 264
8172 264
8173 265
8174 265
8175 265
8176 265
8177 265
8178 265
8179 265
8180 265
8181 265
8182 265
8183 265
8184 265
8185 265
8186 265
8187 265
8188 265
8189 265
8190 265
8191 265
8192 265
8193 265
8194 265
8195 265
8196 265
8197 265
8198 265
8199 265
8200 265
8201 265
8202 265
8203 266
8204 266
8205 266
8206 266
8207 266
8208 266
8209 266
8210 266
8211 266
8212 266
8213 267
8214 267
8215 267
8216 267
8217 267
8218 267
8219 267
8220 267
8221 267
8222 267
8223 268
8224 268
8225 268
8226 268
8227 268
8228 268
8229 269
8230 269
8231 269
8232 269
8233 269
8234 269
8235 269
8236 269
8237 269
8238 270
8239 270
8240 270
8241 270
8242 270
8243 270
8244 270
8245 270
8246 270
8247 270
8248 270
8249 270
8250 271
8251 271
8252 271
8253 271
8254 271
8255 271
8256 271
8257 271
8258 271
8259 271
8260 271
8261 271
8262 272
8263 272
8264 272
8265 272
8266 272
8267 272
8268 272
8269 272
8270 272
8271 272
8272 272
8273 272
8274 272
8275 272
8276 272
8277 272
8278 272
8279 273
8280 273
8281 273
8282 273
8283 273
8284 273
8285 273
8286 273
8287 273
8288 273
8289 273
8290 273
8291 273
8292 273
8293 273
8294 273
8295 273
8296 273
8297 273
8298 273
8299 273
8300 273
8301 273
8302 273
8303 273
8304 273
8305 273
8306 273
8307 273
8308 273
8309 273
8310 273
8311 273
8312 273
8313 273
8314 273
8315 273
8316 273
8317 273
8318 273
8319 273
8320 273
8321 273
8322 273
8323 273
8324 273
8325 273
8326 273
8327 273
8328 273
8329 273
8330 273
8331 273
8332 273
8333 273
8334 273
8335 273
8336 273
8337 273
8338 273
8339 273
8340 273
8341 273
8342 273
8343 273
8344 273
8345 273
8346 273
8347 273
8348 273
8349 273
8350 273
8351 273
8352 273
8353 273
8354 273
8355 273
8356 273
8357 273
8358 273
8359 273
8360 273
8361 273
8362 273
8363 273
8364 273
8365 273
8366 273
8367 273
8368 273
8369 273
8370 273
8371 273
8372 273
8373 273
8374 273
8375 273
8376 273
8377 273
8378 273
8379 273
8380 273
8381 273
8382 273
8383 273
8384 273
8385 273
8386 273
8387 273
8388 85
8389 85
8390 85
8391 85
8392 75
8393 75
8394 75
8395 75
8396 75
8397 75
8398 75
8399 75
8400 75
8401 75
8402 75
8403 75
8404 75
8405 75
8406 75
8407 75
8408 75
8409 75
8410 75
8411 75
8412 75
8413 75
8414 75
8415 75
8416 75
8417 75
8418 75
8419 75
8420 75
8421 75
8422 75
8423 75
8424 75
8425 75
8426 75
8427 75
8428 75
8429 75
8430 75
8431 75
8432 75
8433 75
8434 75
8435 75
8436 75
8437 75
8438 75
8439 75
8440 75
8441 75
8442 75
8443 75
8444 75
8445 75
8446 75
8447 75
8448 75
8449 75
8450 274
8451 274
8452 274
8453 274
8454 274
8455 274
8456 274
8457 274
8458 274
8459 274
8460 274
8461 274
8462 274
8463 274
8464 274
8465 274
8466 274
8467 274
8468 274
8469 274
8470 274
8471 274
8472 274
8473 274
8474 274
8475 274
8476 274
8477 274
8478 274
8479 274
8480 274
8481 274
8482 274
8483 274
8484 274
8485 274
8486 274
8487 274
8488 274
8489 274
8490 274
8491 274
8492 274
8493 274
8494 274
8495 274
8496 274
8497 274
8498 274
8499 274
8500 274
8501 274
8502 274
8503 274
8504 274
8505 274
8506 274
8507 274
8508 274
8509 274
8510 274
8511 274
8512 274
8513 274
8514 274
8515 274
8516 274
8517 274
8518 274
8519 274
8520 274
8521 274
8522 274
8523 274
8524 274
8525 274
8526 274
8527 274
8528 274
8529 274
8530 274
8531 274
8532 274
8533 274
8534 274
8535 274
8536 274
8537 274
8538 274
8539 274
8540 274
8541 274
8542 274
8543 274
8544 274
8545 274
8546 274
8547 274
8548 274
8549 275
8550 275
8551 275
8552 275
8553 275
8554 275
8555 275
8556 275
8557 275
8558 275
8559 275
8560 275
8561 275
8562 275
8563 275
8564 275
8565 276
8566 276
8567 276
8568 276
8569 276
8570 276
8571 276
8572 276
8573 276
8574 276
8575 276
8576 276
8577 276
8578 276
8579 276
8580 276
8581 276
8582 276
8583 276
8584 276
8585 276
8586 276
8587 276
8588 276
8589 276
8590 276
8591 276
8592 277
8593 277
8594 277
8595 277
8596 277
8597 277
8598 277
8599 277
8600 277
8601 257
8602 278
8603 278
8604 278
8605 278
8606 278
8607 278
8608 278
8609 278
8610 278
8611 278
8612 278
8613 278
8614 278
8615 278
8616 278
8617 278
8618 278
8619 278
8620 278
8621 278
8622 278
8623 278
8624 278
8625 279
8626 279
8627 279
8628 279
8629 279
8630 279
8631 279
8632 279
8633 279
8634 279
8635 279
8636 279
8637 279
8638 279
8639 279
8640 279
8641 279
8642 279
8643 279
8644 279
8645 279
8646 279
8647 279
8648 279
8649 279
8650 279
8651 279
8652 279
8653 279
8654 279
8655 279
8656 279
8657 279
8658 279
8659 279
8660 279
8661 279
8662 279
8663 279
8664 279
8665 279
8666 279
8667 279
8668 279
8669 279
8670 279
8671 279
8672 279
8673 279
8674 279
8675 279
8676 279
8677 279
8678 279
8679 279
8680 279
8681 279
8682 279
8683 279
8684 279
8685 279
8686 279
8687 279
8688 279
8689 279
8690 279
8691 279
8692 279
8693 279
8694 279
8695 279
8696 279
8697 279
8698 279
8699 279
8700 279
8701 279
8702 279
8703 279
8704 279
8705 279
8706 279
8707 279
8708 279
8709 279
8710 279
8711 279
8712 279
8713 279
8714 279
8715 279
8716 279
8717 279
8718 279
8719 279
8720 279
8721 279
8722 280
8723 280
8724 280
8725 280
8726 280
8727 280
8728 280
8729 280
8730 280
8731 280
8732 281
8733 281
8734 281
8735 281
8736 281
8737 281
8738 281
8739 281
8740 281
8741 282
8742 282
8743 282
8744 282
8745 282
8746 282
8747 282
8748 282
8749 282
8750 282
8751 282
8752 282
8753 282
8754 282
8755 282
8756 282
8757 282
8758 282
8759 282
8760 282
8761 282
8762 282
8763 282
8764 282
8765 283
8766 283
8767 283
8768 283
8769 283
8770 283
8771 283
8772 283
8773 283
8774 283
8775 283
8776 283
8777 283
8778 283
8779 283
8780 283
8781 283
8782 283
8783 283
8784 283
8785 283
8786 283
8787 283
8788 283
8789 283
8790 283
8791 283
8792 283
8793 283
8794 283
8795 283
8796 283
8797 283
8798 283
8799 283
8800 283
8801 283
8802 283
8803 283
8804 283
8805 283
8806 283
8807 283
8808 283
8809 283
8810 283
8811 283
8812 283
8813 283
8814 283
8815 283
8816 283
8817 283
8818 283
8819 283
8820 283
8821 283
8822 283
8823 283
8824 283
8825 283
8826 283
8827 283
8828 283
8829 283
8830 283
8831 283
8832 283
8833 283
8834 283
8835 283
8836 284
8837 284
8838 284
8839 284
8840 284
8841 284
8842 284
8843 284
8844 284
8845 284
8846 284
8847 284
8848 284
8849 285
8850 285
8851 285
8852 285
8853 285
8854 285
8855 285
8856 285
8857 285
8858 285
8859 285
8860 285
8861 285
8862 285
8863 285
8864 285
8865 285
8866 285
8867 285
8868 285
8869 285
8870 285
8871 285
8872 285
8873 285
8874 285
8875 285
8876 285
8877 285
8878 285
8879 285
8880 285
8881 285
8882 285
8883 285
8884 285
8885 285
8886 285
8887 285
8888 285
8889 285
8890 285
8891 285
8892 285
8893 285
8894 285
8895 285
8896 285
8897 285
8898 285
8899 285
8900 285
8901 285
8902 285
8903 285
8904 285
8905 285
8906 285
8907 285
8908 285
8909 285
8910 285
8911 285
8912 285
8913 285
8914 285
8915 285
8916 286
8917 286
8918 286
8919 286
8920 286
8921 286
8922 286
8923 286
8924 286
8925 286
8926 286
8927 286
8928 286
8929 287
8930 287
8931 287
8932 287
8933 287
8934 287
8935 287
8936 287
8937 287
8938 287
8939 287
8940 288
8941 288
8942 288
8943 288
8944 288
8945 288
8946 288
8947 288
8948 288
8949 288
8950 288
8951 288
8952 288
8953 288
8954 288
8955 288
8956 288
8957 288
8958 288
8959 288
8960 288
8961 288
8962 288
8963 288
8964 288
8965 288
8966 288
8967 288
8968 288
8969 288
8970 288
8971 288
8972 288
8973 289
8974 289
8975 289
8976 289
8977 289
8978 289
8979 289
8980 289
8981 289
8982 289
8983 289
8984 289
8985 289
8986 289
8987 289
8988 289
8989 289
8990 289
8991 289
8992 289
8993 289
8994 289
8995 289
8996 289
8997 289
8998 289
8999 289
9000 289
9001 289
9002 289
9003 289
9004 289
9005 289
9006 289
9007 289
9008 289
9009 289
9010 289
9011 289
9012 289
9013 289
9014 289
9015 289
9016 289
9017 289
9018 289
9019 289
9020 289
9021 289
9022 289
9023 289
9024 289
9025 289
9026 289
9027 289
9028 289
9029 290
9030 290
9031 290
9032 290
9033 290
9034 290
9035 290
9036 290
9037 290
9038 291
9039 291
9040 291
9041 291
9042 291
9043 291
9044 291
9045 292
9046 292
9047 292
9048 292
9049 292
9050 292
9051 292
9052 292
9053 292
9054 292
9055 292
9056 293
9057 293
9058 293
9059 293
9060 293
9061 293
9062 293
9063 293
9064 293
9065 293
9066 293
9067 294
9068 294
9069 294
9070 294
9071 294
9072 294
9073 294
9074 294
9075 294
9076 294
9077 294
9078 294
9079 294
9080 294
9081 294
9082 294
9083 294
9084 294
9085 294
9086 294
9087 294
9088 294
9089 294
9090 294
9091 294
9092 294
9093 294
9094 294
9095 294
9096 294
9097 294
9098 294
9099 294
9100 294
9101 294
9102 294
9103 294
9104 294
9105 294
9106 295
9107 295
9108 295
9109 295
9110 295
9111 295
9112 295
9113 295
9114 295
9115 296
9116 296
9117 296
9118 296
9119 296
9120 296
9121 296
9122 296
9123 297
9124 297
9125 297
9126 297
9127 297
9128 297
9129 297
9130 298
9131 298
9132 298
9133 298
9134 298
9135 298
9136 298
9137 299
9138 299
9139 299
9140 299
9141 299
9142 299
9143 299
9144 300
9145 300
9146 300
9147 300
9148 300
9149 300
9150 300
9151 300
9152 300
9153 300
9154 300
9155 300
9156 300
9157 300
9158 300
9159 300
9160 300
9161 300
9162 300
9163 300
9164 300
9165 300
9166 300
9167 300
9168 300
9169 300
9170 300
9171 300
9172 300
9173 300
9174 300
9175 300
9176 300
9177 300
9178 300
9179 300
9180 300
9181 300
9182 300
9183 300
9184 300
9185 300
9186 300
9187 300
9188 301
9189 301
9190 301
9191 301
9192 302
9193 302
9194 302
9195 302
9196 302
9197 302
9198 302
9199 302
9200 302
9201 302
9202 302
9203 302
9204 302
9205 302
9206 302
9207 303
9208 303
9209 303
9210 303
9211 303
9212 303
9213 303
9214 304
9215 304
9216 304
9217 304
9218 305
9219 305
9220 305
9221 305
9222 305
9223 305
9224 305
9225 305
9226 305
9227 305
9228 306
9229 306
9230 306
9231 306
9232 306
9233 306
9234 306
9235 306
9236 306
9237 306
9238 306
9239 306
9240 306
9241 306
9242 306
9243 306
9244 289
9245 289
9246 289
9247 289
9248 289
9249 289
9250 289
9251 289
9252 289
9253 289
9254 289
9255 289
9256 289
9257 289
9258 289
9259 289
9260 289
9261 289
9262 289
9263 289
9264 289
9265 289
9266 289
9267 289
9268 289
9269 289
9270 289
9271 289
9272 82
9273 82
9274 82
9275 82
9276 82
9277 82
9278 82
9279 82
9280 82
9281 82
9282 82
9283 82
9284 82
9285 82
9286 82
9287 82
9288 307
9289 307
9290 307
9291 307
9292 307
9293 307
9294 307
9295 307
9296 307
9297 307
9298 307
9299 307
9300 307
9301 307
9302 307
9303 307
9304 307
9305 307
9306 307
9307 307
9308 307
9309 307
9310 307
9311 307
9312 307
9313 307
9314 307
9315 307
9316 307
9317 307
9318 307
9319 307
9320 307
9321 307
9322 307
9323 307
9324 307
9325 307
9326 307
9327 307
9328 307
9329 307
9330 307
9331 307
9332 307
9333 307
9334 307
9335 307
9336 307
9337 307
9338 307
9339 307
9340 307
9341 77
9342 77
9343 77
9344 77
9345 77
9346 77
9347 82
9348 82
9349 82
9350 82
9351 82
9352 82
9353 283
9354 283
9355 283
9356 283
9357 283
9358 283
9359 283
9360 283
9361 283
9362 283
9363 283
9364 285
9365 285
9366 285
9367 285
9368 285
9369 285
9370 285
9371 285
9372 308
9373 308
9374 308
9375 308
9376 308
9377 308
9378 308
9379 308
9380 308
9381 308
9382 308
9383 308
9384 308
9385 308
9386 308
9387 308
9388 308
9389 23
9390 23
9391 23
9392 23
9393 23
9394 23
9395 23
9396 23
9397 23
9398 309
9399 309
9400 309
9401 310
9402 310
9403 310
9404 310
9405 310
9406 310
9407 310
9408 310
9409 310
9410 310
9411 310
9412 310
9413 310
9414 310
9415 310
9416 310
9417 310
9418 310
9419 310
9420 310
9421 310
9422 310
9423 310
9424 310
9425 310
9426 310
9427 310
9428 310
9429 310
9430 310
9431 310
9432 310
9433 310
9434 310
9435 310
9436 310
9437 310
9438 310
9439 310
9440 310
9441 310
9442 310
9443 310
9444 310
9445 310
9446 310
9447 310
9448 310
9449 310
9450 310
9451 310
9452 310
9453 310
9454 310
9455 310
9456 310
9457 310
9458 310
9459 310
9460 310
9461 310
9462 310
9463 310
9464 310
9465 310
9466 311
9467 311
9468 311
9469 311
9470 311
9471 311
9472 311
9473 311
9474 311
9475 311
9476 311
9477 311
9478 311
9479 311
9480 311
9481 311
9482 311
9483 311
9484 311
9485 311
9486 311
9487 311
9488 311
9489 311
9490 311
9491 311
9492 311
9493 311
9494 311
9495 311
9496 311
9497 311
9498 311
9499 311
9500 311
9501 311
9502 311
9503 311
9504 311
9505 311
9506 311
9507 311
9508 311
9509 311
9510 311
9511 312
9512 312
9513 312
9514 312
9515 312
9516 312
9517 312
9518 312
9519 312
9520 312
9521 312
9522 312
9523 312
9524 312
9525 312
9526 312
9527 312
9528 312
9529 312
9530 312
9531 312
9532 312
9533 312
9534 312
9535 312
9536 313
9537 313
9538 313
9539 313
9540 313
9541 313
9542 313
9543 313
9544 313
9545 313
9546 313
9547 313
9548 313
9549 313
9550 313
9551 313
9552 313
9553 313
9554 313
9555 313
9556 313
9557 313
9558 313
9559 313
9560 313
9561 313
9562 314
9563 314
9564 314
9565 314
9566 314
9567 314
9568 314
9569 314
9570 314
9571 314
9572 314
9573 314
9574 314
9575 314
9576 314
9577 314
9578 314
9579 314
9580 314
9581 314
9582 314
9583 314
9584 314
9585 314
9586 314
9587 314
9588 314
9589 314
9590 314
9591 315
9592 315
9593 315
9594 315
9595 315
9596 315
9597 315
9598 315
9599 315
9600 315
9601 315
9602 315
9603 315
9604 316
9605 316
9606 316
9607 316
9608 316
9609 316
9610 316
9611 316
9612 316
9613 316
9614 317
9615 317
9616 318
9617 318
9618 318
9619 318
9620 318
9621 318
9622 318
9623 319
9624 319
9625 319
9626 319
9627 319
9628 319
9629 319
9630 319
9631 319
9632 319
9633 319
9634 319
9635 319
9636 319
9637 319
9638 319
9639 319
9640 319
9641 319
9642 319
9643 319
9644 319
9645 319
9646 319
9647 319
9648 319
9649 319
9650 319
9651 319
9652 319
9653 319
9654 319
9655 319
9656 319
9657 319
9658 319
9659 319
9660 319
9661 319
9662 319
9663 319
9664 319
9665 319
9666 319
9667 319
9668 319
9669 319
9670 319
9671 319
9672 319
9673 319
9674 319
9675 319
9676 319
9677 319
9678 319
9679 319
9680 319
9681 319
9682 319
9683 319
9684 319
9685 319
9686 319
9687 319
9688 319
9689 319
9690 319
9691 319
9692 319
9693 319
9694 319
9695 319
9696 319
9697 319
9698 319
9699 319
9700 319
9701 319
9702 319
9703 319
9704 319
9705 320
9706 320
9707 320
9708 320
9709 320
9710 320
9711 320
9712 320
9713 320
9714 321
9715 321
9716 321
9717 321
9718 321
9719 321
9720 321
9721 321
9722 322
9723 322
9724 322
9725 322
9726 322
9727 322
9728 322
9729 322
9730 322
9731 322
9732 322
9733 322
9734 322
9735 322
9736 322
9737 322
9738 322
9739 322
9740 322
9741 322
9742 322
9743 322
9744 322
9745 322
9746 322
9747 322
9748 322
9749 322
9750 322
9751 322
9752 322
9753 322
9754 322
9755 322
9756 322
9757 322
9758 322
9759 322
9760 322
9761 322
9762 322
9763 322
9764 322
9765 322
9766 322
9767 322
9768 322
9769 322
9770 322
9771 322
9772 322
9773 322
9774 322
9775 322
9776 322
9777 322
9778 322
9779 322
9780 322
9781 322
9782 322
9783 322
9784 322
9785 322
9786 322
9787 322
9788 322
9789 322
9790 322
9791 322
9792 322
9793 322
9794 322
9795 322
9796 322
9797 322
9798 322
9799 322
9800 322
9801 322
9802 322
9803 322
9804 322
9805 322
9806 322
9807 322
9808 322
9809 322
9810 322
9811 322
9812 323
9813 323
9814 323
9815 323
9816 323
9817 323
9818 323
9819 323
9820 323
9821 323
9822 324
9823 324
9824 324
9825 324
9826 324
9827 324
9828 324
9829 324
9830 324
9831 324
9832 324
9833 324
9834 324
9835 324
9836 324
9837 324
9838 324
9839 324
9840 324
9841 324
9842 324
9843 324
9844 324
9845 324
9846 324
9847 324
9848 324
9849 324
9850 324
9851 324
9852 324
9853 324
9854 324
9855 325
9856 325
9857 325
9858 325
9859 325
9860 325
9861 325
9862 325
9863 325
9864 325
9865 326
9866 326
9867 326
9868 326
9869 326
9870 326
9871 326
9872 327
9873 327
9874 327
9875 327
9876 327
9877 327
9878 327
9879 327
9880 327
9881 327
9882 327
9883 328
9884 328
9885 328
9886 328
9887 328
9888 328
9889 328
9890 328
9891 328
9892 328
9893 328
9894 328
9895 328
9896 328
9897 329
9898 329
9899 329
9900 329
9901 329
9902 329
9903 329
9904 329
9905 329
9906 329
9907 329
9908 329
9909 330
9910 330
9911 330
9912 330
9913 330
9914 330
9915 330
9916 330
9917 330
9918 330
9919 330
9920 330
9921 331
9922 331
9923 331
9924 331
9925 331
9926 331
9927 331
9928 331
9929 331
9930 331
9931 331
9932 331
9933 332
9934 332
9935 332
9936 332
9937 332
9938 332
9939 332
9940 332
9941 332
9942 332
9943 332
9944 332
9945 332
9946 332
9947 332
9948 332
9949 332
9950 332
9951 332
9952 332
9953 332
9954 332
9955 332
9956 332
9957 332
9958 332
9959 332
9960 332
9961 332
9962 332
9963 332
9964 332
9965 332
9966 332
9967 332
9968 332
9969 332
9970 332
9971 332
9972 332
9973 332
9974 332
9975 332
9976 332
9977 332
9978 332
9979 332
9980 332
9981 332
9982 332
9983 332
9984 332
9985 332
9986 332
9987 332
9988 332
9989 332
9990 332
9991 332
9992 332
9993 332
9994 332
9995 332
9996 332
9997 332
9998 332
9999 332
10000 332
10001 332
10002 332
10003 332
10004 332
10005 332
10006 332
10007 332
10008 333
10009 333
10010 333
10011 333
10012 333
10013 333
10014 333
10015 333
10016 333
10017 333
10018 333
10019 333
10020 333
10021 333
10022 333
10023 333
10024 333
10025 333
10026 333
10027 333
10028 333
10029 333
10030 333
10031 333
10032 333
10033 333
10034 334
10035 334
10036 334
10037 335
10038 335
10039 335
10040 335
10041 335
10042 335
10043 335
10044 335
10045 335
10046 335
10047 335
10048 335
10049 335
10050 335
10051 335
10052 335
10053 335
10054 335
10055 335
10056 335
10057 335
10058 335
10059 335
10060 335
10061 335
10062 335
10063 335
10064 335
10065 335
10066 335
10067 335
10068 335
10069 335
10070 335
10071 335
10072 335
10073 335
10074 335
10075 335
10076 335
10077 335
10078 335
10079 335
10080 335
10081 335
10082 335
10083 335
10084 335
10085 335
10086 335
10087 335
10088 335
10089 335
10090 335
10091 335
10092 335
10093 335
10094 335
10095 335
10096 335
10097 336
10098 336
10099 336
10100 337
10101 337
10102 337
10103 337
10104 337
10105 337
10106 337
10107 337
10108 337
10109 337
10110 337
10111 337
10112 337
10113 337
10114 337
10115 337
10116 337
10117 337
10118 337
10119 337
10120 337
10121 337
10122 337
10123 337
10124 338
10125 338
10126 338
10127 338
10128 338
10129 338
10130 338
10131 338
10132 338
10133 338
10134 338
10135 338
10136 338
10137 338
10138 338
10139 338
10140 338
10141 338
10142 338
10143 338
10144 338
10145 338
10146 338
10147 338
10148 338
10149 338
10150 338
10151 338
10152 338
10153 338
10154 338
10155 338
10156 338
10157 338
10158 339
10159 339
10160 339
10161 339
10162 339
10163 339
10164 339
10165 339
10166 339
10167 339
10168 339
10169 339
10170 339
10171 21
10172 21
10173 21
10174 21
10175 21
10176 21
10177 21
10178 21
10179 21
10180 21
10181 58
10182 58
10183 58
10184 58
10185 58
10186 58
10187 58
10188 58
10189 58
10190 58
10191 58
10192 59
10193 59
10194 59
10195 59
10196 59
10197 59
10198 340
10199 340
10200 340
10201 340
10202 340
10203 340
10204 340
10205 341
10206 341
10207 341
10208 341
10209 341
10210 341
10211 341
10212 342
10213 342
10214 342
10215 342
10216 342
10217 342
10218 342
10219 343
10220 343
10221 343
10222 343
10223 343
10224 343
10225 343
10226 343
10227 343
10228 343
10229 343
10230 343
10231 343
10232 343
10233 343
10234 343
10235 343
10236 343
10237 343
10238 343
10239 344
10240 344
10241 344
10242 344
10243 344
10244 344
10245 344
10246 344
10247 344
10248 344
10249 345
10250 345
10251 345
10252 345
10253 345
10254 345
10255 345
10256 345
10257 345
10258 345
10259 345
10260 345
10261 345
10262 345
10263 345
10264 345
10265 345
10266 345
10267 345
10268 345
10269 345
10270 345
10271 345
10272 345
10273 345
10274 345
10275 345
10276 345
10277 345
10278 345
10279 345
10280 345
10281 345
10282 345
10283 345
10284 345
10285 345
10286 345
10287 345
10288 345
10289 345
10290 345
10291 345
10292 345
10293 345
10294 345
10295 345
10296 345
10297 345
10298 345
10299 346
10300 346
10301 346
10302 346
10303 346
10304 346
10305 346
10306 346
10307 346
10308 346
10309 346
10310 346
10311 346
10312 346
10313 346
10314 346
10315 346
10316 346
10317 346
10318 346
10319 346
10320 346
10321 346
10322 346
10323 346
10324 346
10325 346
10326 346
10327 346
10328 346
10329 346
10330 346
10331 346
10332 346
10333 346
10334 346
10335 346
10336 346
10337 346
10338 346
10339 346
10340 346
10341 346
10342 346
10343 346
10344 346
10345 346
10346 346
10347 346
10348 346
10349 346
10350 346
10351 346
10352 346
10353 346
10354 346
10355 346
10356 346
10357 346
10358 346
10359 346
10360 346
10361 346
10362 346
10363 346
10364 346
10365 346
10366 346
10367 346
10368 346
10369 346
10370 346
10371 346
10372 346
10373 346
10374 346
10375 346
10376 346
10377 346
10378 346
10379 346
10380 346
10381 346
10382 346
10383 346
10384 346
10385 346
10386 346
10387 346
10388 346
10389 346
10390 346
10391 346
10392 346
10393 346
10394 346
10395 346
10396 346
10397 346
10398 346
10399 346
10400 346
10401 346
10402 346
10403 346
10404 346
10405 346
10406 346
10407 346
10408 346
10409 346
10410 346
10411 346
10412 346
10413 346
10414 346
10415 346
10416 346
10417 346
10418 346
10419 346
10420 346
10421 346
10422 58
10423 58
10424 58
10425 58
10426 58
10427 58
10428 58
10429 58
10430 58
10431 58
10432 58
10433 58
10434 58
10435 58
10436 58
10437 347
10438 347
10439 347
10440 347
10441 347
10442 347
10443 347
10444 347
10445 347
10446 347
10447 347
10448 347
10449 347
10450 347
10451 347
10452 347
10453 347
10454 348
10455 348
10456 348
10457 348
10458 348
10459 348
10460 348
10461 348
10462 348
10463 348
10464 348
10465 348
10466 348
10467 348
10468 348
10469 348
10470 349
10471 349
10472 349
10473 349
10474 349
10475 349
10476 349
10477 349
10478 349
10479 349
10480 349
10481 349
10482 349
10483 349
10484 349
10485 349
10486 349
10487 349
10488 349
10489 349
10490 349
10491 349
10492 349
10493 349
10494 349
10495 349
10496 349
10497 349
10498 349
10499 349
10500 349
10501 349
10502 349
10503 349
10504 349
10505 349
10506 349
10507 349
10508 349
10509 349
10510 349
10511 349
10512 349
10513 349
10514 349
10515 349
10516 349
10517 349
10518 349
10519 349
10520 349
10521 349
10522 350
10523 350
10524 350
10525 350
10526 350
10527 350
10528 350
10529 350
10530 350
10531 350
10532 350
10533 350
10534 350
10535 350
10536 350
10537 350
10538 350
10539 351
10540 351
10541 351
10542 351
10543 351
10544 351
10545 351
10546 351
10547 351
10548 351
10549 351
10550 351
10551 352
10552 352
10553 352
10554 352
10555 352
10556 352
10557 352
10558 352
10559 352
10560 352
10561 352
10562 352
10563 352
10564 352
10565 352
10566 352
10567 352
10568 352
10569 352
10570 352
10571 352
10572 352
10573 352
10574 352
10575 352
10576 352
10577 352
10578 352
10579 352
10580 352
10581 352
10582 352
10583 352
10584 352
10585 352
10586 353
10587 353
10588 353
10589 353
10590 353
10591 353
10592 353
10593 353
10594 353
10595 26
10596 26
10597 26
10598 26
10599 26
10600 26
10601 26
10602 26
10603 26
10604 26
10605 26
10606 26
10607 26
10608 26
10609 26
10610 26
10611 26
10612 26
10613 26
10614 26
10615 26
10616 26
10617 26
10618 26
10619 26
10620 26
10621 26
10622 26
10623 26
10624 26
10625 26
10626 26
10627 26
10628 26
10629 26
10630 26
10631 26
10632 26
10633 26
10634 26
10635 26
10636 26
10637 26
10638 26
10639 26
10640 26
10641 26
10642 26
10643 26
10644 26
10645 26
10646 26
10647 26
10648 26
10649 26
10650 39
10651 39
10652 39
10653 39
10654 39
10655 39
10656 39
10657 39
10658 46
10659 46
10660 46
10661 46
10662 46
10663 46
10664 46
10665 46
10666 46
10667 46
10668 46
10669 46
10670 46
10671 46
10672 46
10673 354
10674 354
10675 354
10676 354
10677 354
10678 354
10679 354
10680 354
10681 354
10682 354
10683 354
10684 354
10685 354
10686 354
10687 354
10688 354
10689 354
10690 354
10691 354
10692 354
10693 354
10694 354
10695 354
10696 354
10697 354
10698 354
10699 354
10700 354
10701 354
10702 354
10703 354
10704 354
10705 354
10706 354
10707 354
10708 354
10709 354
10710 354
10711 354
10712 354
10713 354
10714 354
10715 354
10716 354
10717 354
10718 355
10719 355
10720 355
10721 355
10722 355
10723 355
10724 355
10725 355
10726 355
10727 355
10728 355
10729 355
10730 355
10731 355
10732 355
10733 355
10734 355
10735 355
10736 355
10737 355
10738 355
10739 355
10740 355
10741 355
10742 355
10743 355
10744 355
10745 355
10746 355
10747 355
10748 355
10749 355
10750 355
10751 355
10752 355
10753 355
10754 355
10755 355
10756 355
10757 355
10758 355
10759 355
10760 355
10761 355
10762 355
10763 355
10764 355
10765 355
10766 355
10767 355
10768 355
10769 355
10770 355
10771 355
10772 355
10773 355
10774 355
10775 355
10776 355
10777 355
10778 355
10779 355
10780 355
10781 355
10782 355
10783 355
10784 355
10785 355
10786 355
10787 355
10788 355
10789 355
10790 355
10791 355
10792 355
10793 355
10794 355
10795 355
10796 355
10797 355
10798 355
10799 355
10800 355
10801 355
10802 355
10803 355
10804 355
10805 355
10806 355
10807 355
10808 355
10809 355
10810 355
10811 355
10812 355
10813 355
10814 355
10815 355
10816 355
10817 355
10818 355
10819 356
10820 356
10821 356
10822 356
10823 356
10824 356
10825 356
10826 356
10827 356
10828 279
10829 279
10830 279
10831 279
10832 279
10833 279
10834 279
10835 279
10836 279
10837 279
10838 279
10839 279
10840 279
10841 279
10842 279
10843 279
10844 279
10845 279
10846 279
10847 279
10848 279
10849 279
10850 279
10851 279
10852 279
10853 279
10854 279
10855 279
10856 279
10857 279
10858 279
10859 279
10860 279
10861 279
10862 279
10863 279
10864 279
10865 279
10866 279
10867 279
10868 357
10869 357
10870 357
10871 357
10872 357
10873 357
10874 357
10875 357
10876 357
10877 357
10878 357
10879 357
10880 357
10881 357
10882 357
10883 357
10884 357
10885 357
10886 357
10887 357
10888 357
10889 357
10890 357
10891 357
10892 357
10893 357
10894 357
10895 357
10896 357
10897 357
10898 357
10899 357
10900 357
10901 357
10902 357
10903 357
10904 357
10905 357
10906 357
10907 357
10908 357
10909 357
10910 357
10911 357
10912 357
10913 357
10914 357
10915 357
10916 357
10917 357
10918 357
10919 357
10920 357
10921 357
10922 357
10923 357
10924 357
10925 357
10926 357
10927 357
10928 357
10929 357
10930 357
10931 357
10932 357
10933 358
10934 358
10935 358
10936 358
10937 358
10938 358
10939 358
10940 358
10941 358
10942 358
10943 358
10944 358
10945 358
10946 358
10947 358
10948 358
10949 358
10950 358
10951 358
10952 358
10953 358
10954 358
10955 358
10956 358
10957 358
10958 358
10959 358
10960 358
10961 358
10962 358
10963 358
10964 358
10965 358
10966 358
10967 358
10968 358
10969 358
10970 358
10971 358
10972 358
10973 358
10974 358
10975 358
10976 358
10977 358
10978 358
10979 358
10980 358
10981 358
10982 358
10983 358
10984 358
10985 358
10986 358
10987 358
10988 358
10989 358
10990 358
10991 358
10992 358
10993 358
10994 358
10995 358
10996 358
10997 358
10998 358
10999 358
11000 358
11001 358
11002 358
11003 358
11004 358
11005 358
11006 358
11007 358
11008 358
11009 358
11010 358
11011 358
11012 358
11013 358
11014 358
11015 358
11016 358
11017 358
11018 358
11019 358
11020 358
11021 358
11022 358
11023 358
11024 358
11025 358
11026 358
11027 358
11028 358
11029 358
11030 358
11031 358
11032 358
11033 358
11034 358
11035 358
11036 358
11037 358
11038 358
11039 358
11040 358
11041 358
11042 358
11043 358
11044 358
11045 358
11046 358
11047 358
11048 358
11049 358
11050 358
11051 358
11052 358
11053 358
11054 358
11055 358
11056 358
11057 358
11058 358
11059 358
11060 358
11061 359
11062 359
11063 359
11064 359
11065 359
11066 359
11067 359
11068 359
11069 359
11070 359
11071 359
11072 359
11073 359
11074 359
11075 359
11076 359
11077 359
11078 359
11079 359
11080 359
11081 359
11082 359
11083 359
11084 359
11085 359
11086 359
11087 359
11088 359
11089 359
11090 359
11091 359
11092 359
11093 359
11094 359
11095 359
11096 359
11097 359
11098 359
11099 359
11100 359
11101 360
11102 360
11103 360
11104 360
11105 360
11106 360
11107 360
11108 360
11109 360
11110 360
11111 360
11112 360
11113 360
11114 360
11115 360
11116 360
11117 360
11118 361
11119 361
11120 361
11121 361
11122 361
11123 361
11124 361
11125 361
11126 361
11127 361
11128 361
11129 361
11130 361
11131 361
11132 361
11133 361
11134 361
11135 361
11136 361
11137 361
11138 361
11139 361
11140 361
11141 361
11142 361
11143 361
11144 361
11145 361
11146 361
11147 361
11148 361
11149 361
11150 361
11151 361
11152 361
11153 361
11154 361
11155 361
11156 361
11157 361
11158 361
11159 361
11160 361
11161 361
11162 362
11163 362
11164 362
11165 362
11166 362
11167 362
11168 362
11169 362
11170 362
11171 362
11172 362
11173 362
11174 362
11175 363
11176 363
11177 363
11178 363
11179 363
11180 363
11181 363
11182 363
11183 363
11184 363
11185 363
11186 363
11187 363
11188 363
11189 363
11190 363
11191 363
11192 363
11193 363
11194 363
11195 363
11196 363
11197 363
11198 363
11199 363
11200 363
11201 363
11202 363
11203 363
11204 363
11205 363
11206 363
11207 363
11208 363
11209 363
11210 363
11211 363
11212 363
11213 363
11214 363
11215 363
11216 363
11217 363
11218 363
11219 363
11220 363
11221 363
11222 363
11223 363
11224 363
11225 363
11226 363
11227 363
11228 363
